-0.726627 0.110567
1.448169 -1.534631
1.665686 0.642181
-0.966742 -1.248433
-0.040321 0.924724
-1.187386 0.254355
0.730853 0.204072
-0.128871 -1.047720
0.279975 -0.986777
0.163783 0.134577
0.137136 0.151489
-1.406636 1.076041
0.611911 -2.698845
-1.160320 0.490179
0.210604 1.239436
0.307445 0.673336
-0.728240 0.679007
-2.156295 1.754186
0.197414 1.269133
1.396209 0.133195
-1.179313 0.268278
0.453925 -1.680582
0.922168 1.531319
1.023527 0.645694
-0.930621 -0.425084
-1.600949 -0.215410
1.018967 -0.762127
-0.652237 0.704455
-1.453976 0.994506
-0.672479 1.009222
-0.568261 0.106764
-0.270009 -1.236425
1.099810 0.190841
-0.431411 0.627170
0.676441 0.375031
-0.494868 -0.646458
-0.964199 -0.874107
1.717555 0.052712
-0.167651 -0.359032
-0.275480 -0.998965
1.235519 -1.004134
1.600230 -1.547784
0.335347 1.003594
-0.474744 0.052235
2.093947 2.499387
1.198477 -0.674105
-1.194033 1.018697
0.176300 0.932218
1.458249 -1.344325
-1.721838 0.946649
-0.439869 1.476208
0.930689 0.564668
1.191505 1.802721
-1.138981 -0.626484
-0.519387 0.572753
0.616374 0.184660
-1.041867 0.476864
-0.321649 -0.851147
1.237257 1.974017
-0.351501 0.402255
0.483583 0.539578
0.090514 -0.020783
-0.287629 -0.913823
-0.115313 -1.356508
0.431440 -1.011927
0.554254 -0.158664
-1.371939 0.442326
1.315804 0.363057
0.890135 -0.406281
-0.671675 -0.905884
0.954882 -0.658115
-0.205478 -1.382892
-0.072968 0.848734
1.746182 2.003352
0.360419 -0.819951
0.243321 -0.789678
1.250394 -0.498114
0.431730 -0.171986
0.746911 0.217228
-2.213757 0.538547
1.061861 0.803136
1.539939 -0.489491
1.945062 0.345969
-1.823589 1.806621
0.303704 0.855614
2.884382 -0.044250
1.475652 -1.442704
-0.722257 -0.106645
0.529136 -0.577801
0.081904 0.017981
1.560631 1.155172
-0.095939 -0.540426
-1.461079 -0.129353
1.187116 -0.299545
1.109666 -0.301605
0.005829 -1.539105
-0.354074 0.161158
0.913419 0.366515
-0.261540 0.143923
0.858463 0.650851
-1.018038 -0.832094
1.737224 0.829433
0.211826 -1.182027
-0.508868 0.551091
1.475911 1.603608
1.334902 -1.410261
0.979743 -1.161731
0.268119 2.595819
0.204054 1.088110
0.152757 -0.481933
0.346859 -0.305419
2.587984 2.201533
0.502000 -0.409267
-0.449961 -0.308403
1.844562 -0.965603
-1.217697 0.890358
0.069837 0.967596
3.336720 -0.671055
1.071138 0.046242
-0.803776 1.097184
-0.433797 0.615105
0.112089 -0.525595
0.068708 -0.099293
-1.479620 -0.869808
0.559207 -1.036227
1.748618 -1.597800
0.244470 0.509584
0.327741 1.389786
1.505049 -0.221785
-0.717487 -0.102990
-0.014657 -0.265838
-0.238203 -0.161458
-1.053189 -0.394831
-1.301915 0.458399
1.003232 -1.099303
-0.609529 -2.624089
0.362861 1.666977
-1.433266 -0.653019
-0.573936 -2.387614
0.323605 0.726722
-1.681957 -0.157364
-0.217662 0.752031
1.148869 0.802583
0.398454 -0.393915
-1.460579 -0.944081
-0.493522 0.109685
0.483429 -0.049956
0.611410 1.213027
-0.353841 0.130412
0.359273 -0.208108
-0.597783 -0.290282
1.031376 -1.273149
0.567841 -0.873259
-0.645540 -1.284109
1.377395 0.196232
-1.803823 -1.219130
0.972436 -1.159820
0.228816 -1.316036
0.396063 -1.119901
1.480001 0.804290
0.563207 0.159242
-0.335332 -1.096130
-0.783857 -1.348904
0.130277 -0.581828
0.788624 1.794116
-0.121125 0.041139
0.227191 2.763643
-0.031833 0.049068
-0.111721 -1.393370
0.155842 0.687955
0.011725 0.428241
-1.836293 -0.462790
0.387358 -0.493838
-0.208344 -1.402185
-1.111372 1.176143
1.038185 -0.279186
2.574781 0.825503
0.327795 0.605745
-0.232205 -0.932103
0.129625 0.725735
-2.604679 0.503337
0.067408 -0.694276
1.770177 -1.532368
0.944745 -0.926489
0.341121 -0.717384
2.275181 -0.770562
0.044192 -1.002457
1.809384 -1.410442
1.112518 -0.873414
0.301831 0.841116
0.098030 -0.671711
0.670311 -1.899993
-0.254953 -1.943458
-1.018826 0.246405
1.340637 -0.465541
-0.336605 0.129440
-0.215417 0.160059
-0.000399 1.664212
-2.435569 0.786282
-0.107801 0.188914
-1.376344 0.798126
-0.358130 1.191862
0.668349 -1.081020
-0.603266 -1.644827
0.353032 -2.082480
1.468805 -1.174215
1.441997 -1.120950
1.000166 0.426029
-1.604175 -1.344345
0.492880 -0.974144
2.493866 2.004683
-1.257466 -0.458530
-0.527740 0.086111
1.880359 -0.755344
0.208984 -2.241804
-0.121709 -1.312398
-0.056873 1.772751
-1.250415 2.076846
-0.555812 -1.120573
1.106340 1.137810
-0.195736 -0.784428
0.476063 1.088135
-0.986902 -0.156955
-0.453489 0.691439
-0.987009 -1.031776
1.002996 1.636292
1.120182 -1.894493
0.577200 -1.019890
-1.436224 -1.156543
-0.356392 -0.059697
-1.287795 -0.628709
-0.075518 0.722327
-1.743168 0.288551
0.276639 -0.849520
-0.575867 0.638719
-1.623961 -0.418895
-0.489331 1.220681
2.049296 1.338304
-1.082208 1.316944
-0.589467 0.435185
0.390873 0.375748
0.936224 0.221208
-0.833871 -1.649268
-0.207997 -0.572880
0.360352 0.321123
-0.143001 0.169333
-2.256676 -0.306723
-0.137308 1.489925
-0.846997 -0.755518
0.324065 0.169961
1.440149 -0.931855
-1.333056 0.576454
-0.262633 -0.179195
-0.720435 2.553169
1.583086 -0.002428
1.127919 1.543684
1.074263 -1.754821
-0.114614 -0.193457
0.434090 0.248232
-0.261740 -1.574174
-0.213331 -1.161535
-1.425516 0.454776
0.617814 1.080507
0.144064 0.866953
-0.278559 -0.299015
0.397310 1.623357
0.470147 1.766177
-2.007002 0.379463
1.034624 -0.058987
0.959331 0.942961
2.929361 -0.871494
-0.481638 -0.841410
1.706622 -0.832981
0.140234 -0.077538
-0.540587 0.314312
-1.529464 -2.287729
-2.341709 -0.805376
-0.545914 0.153054
0.694314 -0.127898
0.237030 -0.821010
0.601669 -0.611234
0.570143 -0.380972
0.722826 0.394789
-1.340539 0.338941
-0.974147 1.776086
-0.346830 -0.169160
-0.570870 -0.659145
0.802787 1.723079
1.027438 -0.322253
-0.820546 1.477840
0.847742 -0.324037
-0.867171 0.768155
1.282523 1.677056
-0.589544 -1.710156
-0.462479 1.427181
0.245177 -1.121168
0.697461 0.556480
-1.122306 -0.126535
0.012308 0.205643
-1.241247 1.211904
0.241634 -0.329773
-0.451043 1.950276
-0.660560 0.724235
2.075859 1.051431
0.950910 -0.960485
1.910236 1.111398
1.066996 -1.887871
1.171537 -0.315287
-0.653511 0.244852
0.421436 0.562392
-1.180849 0.576498
0.584525 0.866562
-1.743903 0.008193
1.648524 0.660014
-0.733437 1.648363
-1.703577 2.458388
0.197866 0.583947
-1.334518 -0.612979
-1.362138 1.369799
0.350669 -0.287799
1.389182 0.619951
0.894832 0.119964
0.297215 0.499159
-0.302882 -0.171702
0.211857 -0.801434
-0.589720 0.237089
-1.273064 -0.279609
1.013446 0.180262
-1.226417 -1.216404
0.406253 1.387171
0.535097 -0.849385
-0.768875 -1.096470
-1.475503 0.775112
-0.681220 0.651976
0.225387 -0.874987
-0.524485 1.013586
-0.438882 1.171549
-0.302749 -0.370875
0.802141 -0.411908
-1.336281 -1.223615
2.310001 -0.834562
0.995053 -1.218724
-0.215761 -0.762961
-0.491097 -0.999231
-2.029046 0.477979
-0.266626 1.592232
0.025281 1.223431
-0.134662 -1.446039
2.055142 -0.220740
-0.205565 0.365594
-0.620155 -0.896030
0.231696 2.386376
0.206120 -1.127748
1.011225 0.713956
1.458153 0.023489
-0.554732 -0.321967
1.082881 0.463226
-0.148701 0.202819
0.698857 -0.300538
-0.824537 -0.185577
-0.484236 0.339179
-0.128737 2.401874
1.570465 -1.430047
0.897494 2.270970
-0.025615 -0.469490
-0.194590 -0.591584
1.405970 -0.883571
-0.284946 -0.289976
0.732620 0.356019
0.158941 0.516183
0.281230 0.795687
0.519646 0.747283
-0.329523 -1.540094
-1.341774 -0.120087
0.269250 0.255083
0.355449 0.897395
0.042095 0.485806
0.261708 -1.021670
0.604515 -0.012057
0.355881 -2.891018
1.031590 -0.210966
-0.555438 0.352113
-1.465556 0.890915
-0.322262 -0.566505
0.267550 0.598676
-1.276112 0.681649
0.272474 1.007257
0.286097 0.433040
1.308540 -1.324762
-0.310057 -0.242412
0.665683 0.298760
-1.450561 1.264230
0.833681 1.372444
0.614498 1.049802
-0.062698 -2.764609
-2.064133 1.894470
-0.464283 0.745350
2.130868 0.659375
0.160759 -0.089855
-0.357855 -0.772147
-2.313333 -0.214198
0.186499 -0.176211
-0.321718 -0.432685
-0.451080 -0.254117
1.089330 -0.633505
-0.907643 -0.216201
-0.737944 0.065617
1.330679 0.199220
0.265880 -1.059911
-0.937049 1.531010
0.802973 2.179635
1.697478 1.104373
1.493092 -0.634981
0.549883 -0.727676
2.115905 1.387598
0.361738 0.465756
1.080676 -1.072471
-0.681741 0.882134
1.210911 0.251754
-1.285297 -0.602953
-0.249629 -0.260151
0.893095 -0.863493
1.247429 -0.044749
0.389292 0.614540
0.479179 0.486237
0.258851 -0.158275
-0.486504 1.270414
0.633721 0.598074
0.004047 0.392629
-0.260261 -1.487594
-0.277446 -0.007210
-0.240462 -0.663489
-0.477217 0.057607
-0.188295 0.884179
0.311639 -1.466814
-1.309410 0.713374
0.052475 0.168808
1.482082 -1.990486
0.957668 0.856051
0.393769 0.020935
-0.829323 -0.544889
0.436543 0.644775
1.203442 -0.270978
0.858124 -1.266404
0.345016 0.632345
0.245108 0.931555
-1.000754 -1.078798
1.071673 1.024290
0.846617 -0.263935
0.037352 -0.782482
0.177446 1.310715
-2.226655 -1.402006
0.111567 1.209346
-0.302667 0.471668
-0.300199 1.511805
0.550612 -0.225855
1.943658 0.154249
1.489617 -0.135191
0.681130 -0.245490
0.127799 -0.407257
1.254971 0.027679
-0.366253 -0.051355
0.421078 -0.536405
-0.701380 0.722300
-0.924437 2.091647
-0.408188 -0.066122
-0.609209 -0.461050
-1.077570 -2.615213
-0.066583 -0.599066
1.501077 -1.376369
0.389869 -0.755386
-0.754860 0.122279
-1.665477 -1.509278
1.588158 -0.201763
0.573994 -0.241901
-0.419635 -0.774219
-1.847590 0.541382
-1.402653 -0.241867
-0.210375 0.042456
-0.237371 -0.080774
2.719875 0.132055
1.912541 -0.097636
1.382666 0.427270
-2.059654 0.213837
0.053891 0.040972
-0.249195 -0.444983
1.587151 -0.076144
-0.573217 1.779376
0.962460 0.267351
-0.261718 0.275698
-1.805518 -0.385319
-0.815817 2.123036
-0.668418 -0.781414
-0.016150 -0.618023
-0.540945 -0.897301
1.895747 -1.041079
0.030451 -0.033899
0.371710 1.781458
-1.203663 -0.990376
1.045084 -0.751761
0.643323 1.092789
-0.408056 -0.135981
0.662889 -0.314312
-0.004109 0.394973
-0.619964 1.067811
1.285066 0.394951
0.114030 1.298630
-0.130382 -0.549817
0.079062 0.038140
-1.820206 2.312788
-1.473326 -0.416419
0.298837 -0.239654
0.044408 0.052862
0.994789 -0.556278
0.043787 0.871658
1.405934 0.174779
1.150433 1.404628
0.637331 0.143892
-0.186237 -0.489975
-1.010833 1.984130
0.365430 -0.148833
-0.945852 -0.339364
-1.778524 0.568522
2.441096 0.676068
-0.791874 -1.773284
0.482910 1.271603
0.301247 0.271786
0.826572 0.222449
-1.077467 0.154873
-1.247802 0.239145
0.318110 -0.888624
0.926650 0.487128
-0.388253 -0.604278
-0.080309 0.374989
0.074667 1.410791
-1.368961 -2.499330
-0.162324 -0.684515
1.468072 0.989547
-2.302292 0.139455
-0.239651 -0.206774
0.478675 -1.342834
-0.056685 -1.715564
-0.530624 1.744059
0.384929 0.269126
0.741110 -0.288993
2.085224 -1.517021
1.372308 0.578029
-2.672602 0.588071
0.057528 -1.640980
0.991830 0.868617
-2.309454 0.828612
-1.165236 -0.783960
1.244218 -0.692002
-0.861077 -0.129843
-0.614848 -0.307507
1.467634 -1.141783
0.569320 1.100489
0.588239 0.930177
0.323786 -0.220330
1.405788 -0.524098
2.058115 -0.072251
1.546440 -1.204043
-0.123831 -0.315191
-0.035609 -0.359236
1.143609 -1.188844
1.784054 0.032503
0.689439 0.359734
-2.088424 -0.830333
0.172407 1.109769
-0.999006 1.254934
1.162976 -2.234354
-1.016700 -0.093549
0.568965 -0.239396
0.097968 1.906459
-0.120403 -0.210434
-1.772215 -1.692883
-0.563247 -0.033467
0.381185 -1.272572
-0.072735 0.829255
-0.513843 -0.319700
0.288045 -0.366646
0.135991 0.074681
0.627781 -1.431923
0.555863 1.341381
-0.238439 -0.844391
0.267333 -2.998325
-0.196559 1.047586
-0.056587 1.437021
-0.902130 -1.136814
-0.842362 0.281427
0.368354 1.765375
-0.626537 1.154890
0.087837 -1.032119
-1.318333 -0.997317
-0.060725 0.515720
0.898136 -0.742605
0.561051 -0.136659
1.100582 1.216710
0.007271 1.004461
-0.009483 0.895058
0.432986 -0.663085
-0.766821 -0.370551
1.380869 -1.451558
0.428441 0.167921
-0.008876 1.242612
0.989456 -0.754655
0.967946 0.650013
-2.006099 1.098928
-1.088726 0.427554
0.520835 -0.101114
0.653870 0.446966
-1.420813 -2.131398
0.912064 -1.251787
-1.241044 -0.969901
0.699927 -0.761071
-0.253616 -0.583188
-1.976068 -0.250467
-0.030969 0.405774
-1.032760 0.372782
0.337463 0.042806
1.443038 1.423320
-0.542044 0.686832
-0.024693 -0.597924
-0.344202 0.234754
-1.014380 -1.084277
0.461724 1.639321
0.984096 0.261809
0.647470 0.265151
-0.122991 -0.075317
-1.668122 -1.174153
1.631165 0.803911
-0.520240 -0.263943
0.480648 0.102335
2.376360 -0.382371
0.007765 -0.947247
-0.925509 0.761808
0.577531 0.114997
-0.068826 1.599580
-1.934732 -0.207244
1.855932 -0.617877
0.724096 -1.327726
-0.398876 2.047772
-0.233902 0.591687
-1.277623 0.537137
-1.139325 -1.497826
0.670911 -0.759370
0.669341 1.172709
1.117891 1.919068
1.035493 0.582170
-1.660945 -0.043165
-1.523244 0.529116
-0.569067 -0.307348
0.573740 0.782704
-0.102561 -0.225476
-0.590770 -1.121585
1.193384 -1.191612
1.557488 -0.610781
0.990108 -2.258363
0.712545 0.047482
-0.081021 0.739300
0.795746 -0.529297
0.646002 -1.358556
-1.118394 1.298360
1.219961 -1.486028
0.391756 -3.070713
-0.411420 1.209234
1.210937 0.813190
0.715158 0.984707
2.405525 0.957210
-1.138841 1.176414
-0.529709 0.527808
0.159343 0.259060
-0.181083 1.286515
1.199522 0.773548
0.271231 0.423304
0.685768 1.976361
-0.482641 -0.691660
-0.841885 -0.174779
0.139174 -0.796836
0.069076 0.280602
-2.346965 -1.974499
-1.449506 0.216015
0.366006 0.595309
0.678882 -1.331608
0.032223 -1.914860
-0.203494 -1.268942
-0.678564 -1.881313
1.408534 -0.503998
-0.796163 -0.203414
1.852425 0.509594
-0.456132 -0.941734
0.382894 0.058451
-1.526408 -0.808588
-0.076740 -0.502545
-0.295684 0.129887
0.825369 -0.352134
-0.989130 -0.144693
0.322617 -1.230929
1.085947 0.182221
-1.191507 0.143137
-0.710783 -0.678444
0.278126 -1.033652
-0.686225 -0.556946
-0.880273 -0.085935
0.805994 -0.920057
-0.117057 1.495921
-1.163746 0.895555
-0.069483 -0.236833
0.179799 -1.011124
0.115737 -0.574486
-0.225532 2.759670
0.623134 -0.444262
0.615157 -1.117753
-1.349080 -2.295156
0.957154 -0.193450
0.829983 1.161915
-1.059586 0.222095
-0.247273 1.174376
1.173430 -0.006300
-0.429296 0.906627
0.147139 -0.971672
1.130649 -0.010190
0.854627 0.254968
-0.928946 1.283468
0.044385 -0.823664
-0.121415 -1.507013
1.832990 1.335669
0.247478 0.277202
-0.069493 0.856405
0.863858 1.741206
1.196462 2.359111
0.938593 0.152873
-0.912979 0.014269
-0.553920 -0.234881
-0.406242 -0.606889
0.109136 -0.025323
0.309172 0.991221
0.977425 1.451440
-0.273068 2.084645
0.253844 1.775078
-2.331732 1.104234
-0.138615 0.599361
-0.600940 -1.472058
0.663983 -1.520041
2.322243 -0.618764
0.866927 0.326615
-0.032397 -0.617744
-1.515768 0.490624
-0.915420 1.771576
-1.596002 -2.378361
-0.144460 0.913133
0.871603 3.032094
-1.460785 0.105645
-0.270219 0.939685
-1.292283 -1.160299
0.110296 -1.496184
0.864102 0.695151
0.159377 -0.883494
-0.264640 -0.526674
-0.658963 3.025869
-0.697355 0.177885
-0.646383 -1.841731
-1.084646 -1.903306
0.988266 -0.488712
0.775384 -0.136998
0.137812 1.725001
-1.346755 0.368126
2.138268 -0.521268
-0.994497 0.932626
-0.511492 -0.560797
-0.975002 -0.228496
-1.074285 -0.225391
-0.780633 -0.079231
0.075345 0.394667
-0.140281 -0.128354
0.679254 0.147755
-0.203205 -0.979043
1.598292 1.897390
0.224194 -0.272875
0.222657 0.194470
0.521750 -0.612920
-0.816387 -1.015502
-0.433751 -1.774462
-0.091231 0.250376
0.704281 0.131131
1.310682 0.355161
-0.368690 0.301348
-0.438219 2.496306
0.191066 -0.892566
-0.183663 1.245932
0.243546 -0.037609
-0.266439 -1.234838
0.474814 0.284109
0.973231 0.582087
0.784428 0.837031
0.692545 -1.316336
0.202622 -0.377367
0.891453 -1.062404
-1.357335 0.420155
-0.917441 0.203347
2.511877 -0.079983
1.880232 0.658175
-0.723743 0.259203
1.264597 -1.063282
-0.465761 0.165701
-0.019762 0.453218
1.602344 1.436196
1.266323 1.476665
-0.672412 1.271257
0.863713 -0.665589
1.085641 3.244865
0.724608 0.167545
0.733563 0.601104
-0.944172 -0.246831
1.753889 -0.008408
0.612398 -1.184872
0.077953 1.557774
0.901748 -1.200953
0.391323 -0.407896
-0.336594 0.198565
-1.081547 0.397674
0.517874 0.674231
-0.333755 0.787619
-0.097824 1.515089
-0.958626 -0.797118
-0.460282 -0.259184
-0.369767 -0.935901
0.670639 -0.724749
-0.425241 0.588955
1.239393 -0.124953
-1.968636 -1.076444
0.535629 -0.256997
1.199092 1.487163
-0.420845 2.140862
-0.003020 -0.348059
2.141128 0.884510
1.292065 1.314621
-2.270555 -1.083268
-0.027028 -2.095829
0.257411 0.882077
-2.352090 -0.136587
1.255149 -2.932988
0.710008 0.816469
-0.844558 -0.684914
-0.678708 -0.494663
0.048115 0.066410
-0.684691 1.312074
-0.701013 0.127257
-0.667470 0.116942
0.742477 -1.219136
0.678089 0.271333
0.076694 0.200445
0.042904 2.412087
0.165520 -0.354202
-0.776420 -0.024201
0.042371 1.908702
1.032540 0.030103
1.420841 -0.779922
1.971000 -0.320637
-0.392873 -1.085325
-0.587436 1.275844
-1.186584 -1.742851
-0.254276 1.368222
-0.508666 1.344471
-0.427063 0.245247
-0.277334 -0.548785
-0.663070 -1.981217
-0.743344 1.543758
0.604554 -0.128474
1.058473 -1.776107
-0.058263 -0.030721
0.866469 -1.930873
-0.162619 0.016852
0.561632 -0.517556
-0.896575 -0.283948
-0.135737 -0.812507
-1.142881 1.242481
0.154334 -1.245860
-0.688146 0.620012
-0.122540 0.042171
-0.843217 -0.371563
-0.184973 -0.147438
-0.647543 0.167826
0.612310 0.613986
0.476849 -0.643510
0.371181 1.855302
0.965539 -1.116354
-2.495698 -0.076353
-0.051385 -0.759592
-0.798659 1.303216
1.030998 0.850464
-0.880096 0.302123
1.542621 0.185467
-1.075710 0.569838
-0.984413 0.058870
1.307926 0.486471
0.490542 -0.286916
1.952861 1.396813
0.848073 0.258868
-1.098361 0.487517
0.816067 -0.820499
0.211816 1.328165
0.830194 1.479468
0.611727 0.216508
0.478377 -0.087742
-0.858039 -0.494932
0.259729 -0.613418
0.325100 -2.105953
2.160255 -0.749692
0.439317 1.288391
-0.458878 0.562577
-1.154053 0.308566
0.504508 -0.545633
-0.308439 2.032913
0.883941 0.420995
0.263671 2.442707
-1.049948 0.620477
0.035449 -0.338124
0.502801 1.685636
-0.758733 0.854634
0.066090 -0.296228
-2.013464 -0.950678
-0.292013 -1.733629
0.241263 -1.975532
0.099154 0.974598
-0.898150 1.503479
-0.541793 -0.774212
0.702763 0.759757
0.184445 1.809483
0.119474 -0.073589
1.057609 0.316408
-1.133858 -1.950344
-0.067344 1.284095
-0.751918 0.460258
-0.558956 -0.338324
-1.054927 0.026606
0.946905 2.510792
0.292651 -0.196201
0.813241 -2.137728
-1.237216 -1.777374
-0.773008 0.835538
-0.084799 -0.805126
0.643700 -0.241669
-0.443801 -1.731842
0.177478 1.175067
-1.538046 0.510245
-1.087307 0.834079
1.057563 0.218392
-0.622856 -0.429543
-1.209508 1.032701
0.547048 -0.855209
-0.507306 -0.783612
-0.621832 -0.530315
1.138969 -1.477563
0.554177 -0.210487
0.330950 -0.953198
0.010283 0.447759
1.142284 -0.424115
-0.179430 -0.627590
1.906121 -0.164887
-1.083550 0.227769
1.446886 -0.212931
-1.894770 0.643546
0.173673 -0.733314
1.530484 0.254099
-1.578714 -0.774490
-1.448799 1.114473
0.143634 0.828938
1.292714 -1.398628
-0.547446 0.912827
0.000000 -0.000000
0.018349 -1.078101
0.658865 1.155900
0.277219 0.546084
-0.682894 1.350658
0.898639 -0.592036
0.766313 -0.077258
0.056465 1.389868
-0.648833 0.271173
-1.711031 -0.455730
-1.113155 -0.383560
-0.830818 -0.026694
-1.484818 -0.916328
-0.045087 -0.196153
0.894915 2.359225
0.796307 -0.394546
-1.771728 1.408327
0.691924 1.795993
0.917967 -1.452806
-0.120948 0.423037
0.198272 0.123280
-0.616977 -0.323507
0.623701 2.490381
-0.847216 -1.229635
-1.419253 -0.035523
0.694336 0.292931
-1.334242 -0.804097
-0.502670 0.479984
-0.768170 -1.212898
1.326037 -3.095352
0.202314 1.065293
0.383728 -0.466322
0.972104 -0.052804
0.531523 -0.117115
-1.671377 1.645064
0.428336 -0.875982
0.435252 1.171765
-0.037519 1.183640
0.474681 -0.035839
-0.049315 0.414028
-0.100950 -0.286231
-0.203718 1.169694
1.766458 -0.655862
1.613902 0.448974
0.103388 -1.539284
-0.679024 0.800315
1.279325 -0.036562
1.873192 0.276035
0.506571 1.666721
1.159164 0.607657
-0.555082 1.823191
0.839847 -0.348643
-0.068661 -1.195231
-0.594099 0.735814
-1.414215 -0.574243
0.311544 -0.861425
0.908280 -0.194111
-0.052572 0.622690
1.165066 -1.669966
0.893904 0.026405
0.641537 -0.232889
-0.413825 0.561041
0.263769 -0.054364
1.023790 -0.241691
-1.107839 0.482345
-0.208373 -0.474171
-1.529202 -0.272756
-1.163024 0.195269
-0.044661 -0.643700
-1.237138 0.329764
-0.533072 -0.309806
-0.384112 -0.443164
0.474718 0.931145
-0.067707 1.335068
0.745146 -0.373299
-1.173266 0.592145
0.482769 0.918464
0.106759 -0.048185
0.396882 -0.018812
0.564931 -0.527650
2.399582 -0.015185
0.912673 0.679357
-0.575207 0.408680
1.212445 -0.653479
1.421284 1.060914
-0.293250 1.309089
0.886506 0.771584
0.286213 -1.065334
0.381400 0.233208
-1.005955 -1.464228
0.038648 0.179202
0.666225 0.661928
-0.474438 1.128034
-0.485436 0.295353
-0.456964 0.809065
-1.354143 -1.495583
0.734877 0.647330
0.084562 -0.254204
-0.710677 -1.064335
-1.281661 0.628151
-0.703552 -0.977175
-0.254677 -1.475673
-0.281988 -0.255443
0.944881 -0.259738
-0.448266 0.444095
1.267588 0.006806
0.583816 0.907313
-1.455507 -0.755372
1.014056 1.216550
-0.056760 1.580113
-2.126233 -3.088510
-0.015642 -0.159671
0.425366 -0.278021
-1.926943 1.239249
-0.853561 0.358276
0.474224 -1.632017
0.920622 0.777386
0.624830 -1.498053
1.648349 -0.373482
-0.831690 0.132107
-0.807951 -0.744687
0.930800 0.019993
-0.852418 -0.638961
0.171843 -0.106255
-0.249162 0.446328
1.016578 0.559285
1.378304 0.294285
-0.904700 1.162317
-0.885279 0.568378
-0.886656 -3.376398
-0.417817 1.469923
-0.990780 0.105554
1.665278 1.523993
0.018858 -1.037845
-2.019013 0.892914
-0.974992 1.474220
-0.455325 1.392345
-0.993203 -0.147430
0.277401 -0.845252
1.376323 -0.770321
-1.966407 0.318922
-1.550000 -2.500076
0.835154 -0.265995
-0.059000 0.121872
-1.138417 -0.423051
-1.150912 -1.409894
0.224282 0.522709
-0.432943 -0.345906
0.478856 1.817104
0.356228 -0.270723
-0.233530 -0.877631
0.309931 1.431743
0.452542 -1.102798
-1.203774 -0.649252
-1.954209 1.178239
1.214416 0.316609
0.163863 0.067251
0.968439 -0.437765
-0.370065 1.327048
0.831784 0.747840
0.470442 1.287639
-0.449980 1.364480
-1.687202 0.271647
1.833152 -0.735973
0.410487 -0.743500
0.048134 -1.964535
0.633126 -0.600043
-1.867183 1.271364
-1.451971 0.465671
-0.778316 1.170974
-1.180435 -0.063780
-0.807751 0.785938
-1.410941 0.067012
1.701704 -0.210223
-0.741329 0.970728
1.061363 -1.013657
1.764265 0.861116
1.099369 -0.432343
0.293023 -0.135308
1.124646 -0.744030
-0.488229 0.842030
1.177505 -0.065094
-1.259507 0.480459
1.324539 -1.299942
-1.690838 0.934678
1.105146 1.474781
-1.671001 -0.639633
-0.583108 -1.338744
1.456795 0.693143
1.410687 0.459452
0.614172 -1.085702
-0.884207 0.616307
0.572686 -0.818190
0.459980 -0.092416
-0.319442 -2.677530
-1.181166 -0.799292
0.333444 -0.048288
-1.159067 0.537242
-0.307226 0.957461
-0.048238 1.832477
0.644101 -1.195732
-0.758010 0.104508
-0.196907 0.075676
-0.820646 0.818329
0.830628 0.041446
-1.147511 -0.310828
0.686051 -1.187661
1.287552 1.585022
0.777043 0.438240
1.987996 -0.650853
-2.702353 0.752051
-0.050993 -1.139336
0.764299 -0.389517
0.748377 0.252822
0.066260 -1.012638
0.538942 -1.193027
-0.437812 -1.180390
1.615979 -0.226746
-1.837897 0.671779
-1.303140 -0.145152
-0.715246 0.383821
0.991885 0.082737
0.395038 -0.420073
0.229257 0.724248
0.052048 1.627231
-0.112133 -0.086875
2.361375 1.642893
-0.020742 -1.889350
0.005374 0.396126
1.338411 -0.092282
-1.657874 -0.425270
-0.066781 -0.000954
0.677869 -0.286750
-1.638342 0.583925
-0.051839 1.070881
0.855418 -1.410057
-0.708346 1.191454
0.244075 0.492198
0.226412 -0.272472
-0.217156 0.313372
-0.344079 -1.412314
0.347436 -0.854589
0.915574 0.270667
-0.731461 -1.216486
0.696603 -0.368757
-0.679142 -0.145890
0.030180 -0.504250
0.553436 -0.399394
-0.500273 0.438549
0.721206 -1.189852
0.989213 -0.125094
-0.058454 -0.251215
-0.284118 -0.595591
0.682124 -0.483170
1.058861 1.107099
0.343900 -0.005935
0.039912 -0.440012
-0.929909 -0.699838
2.170408 1.679189
0.089333 0.268032
0.832548 -1.470420
0.822716 0.913037
1.189527 -0.415114
-0.080249 1.217467
0.364939 -2.252188
-0.055846 0.686595
1.346933 1.189224
0.617325 1.441014
-0.499379 1.988311
0.108829 0.478717
-1.672842 1.130139
0.072511 0.575397
-0.227061 -0.143943
0.828914 1.470572
-0.535680 0.063623
-0.203080 -1.018625
0.099230 -1.007968
-1.139295 0.922490
1.346953 0.300851
-1.182166 0.098495
-0.032276 -2.071480
0.714051 -0.035904
-0.628173 -0.313118
0.713166 -0.250104
0.977277 -0.639018
-0.373219 1.250775
0.995673 -1.867225
0.209362 -1.198701
-0.214563 1.034765
0.385163 -0.500855
0.336928 -1.368686
0.028692 0.942249
-0.092661 0.051734
0.972257 0.448504
-0.612120 0.695377
1.427391 1.727860
0.684811 -0.962583
-0.316900 0.107430
-0.696818 -1.307072
-0.529903 0.773846
0.779950 1.766101
-0.957871 0.089062
1.134775 -0.454831
1.229420 0.222571
0.353154 -0.537446
0.619235 1.015897
1.520620 0.454929
-1.440909 0.406362
-0.738428 0.581672
0.910013 0.507269
-0.312256 -0.692818
-1.549740 0.640727
-0.626672 -0.126094
0.438682 1.763088
0.950344 1.055491
-1.871042 1.557633
-0.727914 -1.365401
-0.366084 2.214846
-0.021071 -0.052273
1.792534 0.322032
0.296456 0.594105
0.010437 -0.682477
-0.213312 -0.459341
-0.388501 -0.916324
0.218432 0.647912
-2.060603 -0.008100
0.521968 0.636553
-0.011148 0.706795
0.467589 0.704218
0.864380 0.099554
0.361571 0.218899
-0.035626 -0.596211
0.887801 -1.528790
-0.394301 0.847802
-0.188291 0.084701
-0.551091 0.075764
0.714321 0.496979
-1.042938 0.430492
-0.268508 -0.041226
1.497473 -0.758476
0.017718 0.812157
-1.718547 -0.637885
-0.630761 2.027037
1.242418 1.086812
0.643602 -0.041772
0.038515 -0.511756
0.989690 0.445772
-0.192807 -0.920075
1.828295 0.424218
-1.078043 0.577443
1.529387 -0.691331
-0.115450 -1.310472
-0.418422 0.850534
0.249914 0.626389
0.207199 -0.477327
0.313699 -0.660043
0.497541 -0.607001
-1.540258 -1.720933
2.024294 1.892890
0.670409 2.545970
0.170144 0.553321
-1.174196 0.063895
1.367414 0.147933
-0.128949 0.452009
-1.088905 -0.379882
-0.121090 -0.036493
-1.194483 1.513549
0.385581 -0.883163
-0.522717 0.067375
0.166018 0.189073
0.388349 1.153380
-0.544294 -1.065850
-0.153916 1.844139
-0.217683 1.455434
2.180810 -0.317949
-1.219387 1.167488
0.797382 -0.810369
-0.898050 0.555881
-0.519095 2.399099
0.532311 0.401811
-0.937342 -0.405762
0.166080 -0.395831
-0.181170 0.986429
-2.415908 2.078822
0.794330 0.567466
-0.786265 -0.302008
-0.295848 -1.847103
-1.096900 0.376783
-1.093370 -0.708511
0.268617 0.515112
-0.745496 -0.993053
0.482795 0.458799
1.004179 -0.077367
1.031846 -0.911382
-0.605922 -0.582141
-1.320670 0.615535
0.370011 0.561455
-1.727881 0.029657
-1.226758 -2.644330
0.090959 -0.537804
-1.410656 -1.290725
0.303572 -0.225334
0.280456 -0.377568
0.018564 -0.829067
0.374242 -0.336733
0.311782 0.748721
-0.240153 0.553971
-1.120460 -0.721802
-0.491828 0.210669
-1.023864 0.495245
0.899176 2.321994
0.283277 1.525087
-0.485063 0.987911
1.753349 0.341440
1.396906 -0.461787
1.552790 -0.322832
-0.501712 0.464031
0.004322 -0.515150
-1.994144 0.751077
0.509254 -0.576176
0.196947 0.115498
-0.631893 1.245631
-1.191334 -0.559710
-0.884485 -0.639460
1.993292 0.180132
-0.124354 -0.578484
-1.438299 -0.556575
1.573819 0.781283
1.527193 -0.394403
1.352876 0.011934
1.679401 -1.636872
-1.606718 -1.136470
-0.370550 -0.441008
1.767355 -1.896048
0.075128 -0.680112
-0.592840 -2.326415
1.791479 0.537460
0.017270 -1.158287
-0.187417 0.121958
-0.913604 -0.791635
-1.481679 0.727592
-1.073371 -0.582112
-0.548659 -1.598518
0.046070 1.321371
0.817300 -0.831249
0.524078 0.760793
-0.914728 -1.522596
2.123020 -0.492603
-0.821567 -0.250691
0.968357 1.548289
-1.204664 -0.016748
0.373031 -0.382466
-0.211152 -0.036744
0.569890 -2.078229
0.077095 0.700378
0.067153 -1.676739
-0.448616 2.052411
0.569494 0.011686
1.971139 -0.170892
-1.656712 -2.176282
0.130199 -0.809406
-1.740901 1.457790
1.311610 -0.769858
1.065401 0.106587
0.394357 0.707216
-0.490867 -1.262917
-0.222588 -1.681738
-1.539108 -1.029934
0.152790 0.398639
1.211727 -0.625174
0.555646 -0.745953
0.319538 -0.846789
0.803204 0.590723
0.606893 0.660164
0.149085 0.590955
0.224665 -0.318112
-0.253899 1.228021
0.195721 -2.310288
-0.763138 -0.968512
-0.468122 0.550242
-1.407451 0.236585
-1.295709 -2.760994
0.873508 -0.367930
0.086484 -0.700344
-0.854648 -0.707062
0.070894 -0.346068
-0.388666 0.046086
0.429271 1.396017
-0.261560 0.814608
-0.035531 0.421808
-0.842035 -0.348132
0.594825 0.296424
1.343265 -0.754527
-1.532132 0.093394
-0.171129 1.595417
-0.086534 0.826156
-1.177115 1.970460
-0.937938 -0.033737
0.653315 0.080200
1.637330 -0.496695
-0.070651 1.259399
0.597120 0.912149
-0.060840 -1.195132
0.872665 0.187900
0.381398 1.419630
0.344317 -0.451311
-0.738682 -0.884978
0.595875 2.038992
0.398629 0.345077
0.694321 -0.279683
-0.387318 -0.318686
-1.144328 -1.559540
-1.425331 -0.339515
-0.535804 -1.690971
-0.248017 1.353312
-0.303524 0.397922
-1.608919 -0.219624
1.483062 -0.013935
-0.406116 -0.653925
0.613126 0.196705
1.009800 0.413757
-2.695293 -0.241226
-0.613761 0.218752
0.410292 -2.249719
0.197650 0.660309
-0.609649 -0.693641
0.239475 -0.168870
0.772251 0.466719
0.084709 -0.853743
0.470815 -0.133022
-0.938825 0.501020
0.284644 -0.468391
-0.360816 -0.868113
-0.757600 0.493409
-0.442227 -0.854218
-0.462845 -0.672041
1.418888 0.011155
1.623801 0.129805
-0.928106 0.753850
0.798290 -0.055195
-0.721723 0.331842
-0.077380 1.137386
0.165376 -0.812829
0.390165 -0.964455
-0.664688 -0.587883
1.444343 1.300584
-2.218412 -0.917184
2.021433 -1.040479
1.562059 -0.489606
-1.067709 -1.407592
-0.719735 -0.669531
1.750907 -1.136269
0.511315 0.254441
-0.128403 0.871063
-0.705939 2.503632
-0.213578 -0.498421
1.286548 -0.460071
-1.073162 -1.556290
-0.137254 0.509131
-0.647018 -2.657977
-0.447975 -0.268808
0.302450 0.697857
0.407710 2.122386
0.476577 -1.679706
-0.509418 0.295275
0.289407 0.309885
-0.032643 -0.833043
-1.135491 -0.212883
0.241779 2.121620
-0.654909 0.644599
-0.893133 0.889586
-1.642017 1.653788
0.360786 -1.100041
0.321332 -0.827907
0.610570 -0.562004
-0.241081 0.412133
0.395307 0.232232
-0.348870 0.749744
-0.529619 1.119607
-0.139737 0.728551
1.717830 1.084617
-3.161836 1.443513
-0.400505 -1.234317
1.369378 -1.122550
-0.853853 1.418186
-0.498326 -0.190971
-0.152459 1.581304
0.169593 0.831921
0.554880 -0.150358
0.954843 -0.937470
-2.294790 1.524177
0.382315 -0.362198
-1.194501 0.622244
0.736394 -1.253083
0.410923 1.167613
0.215511 -0.220200
0.347524 -0.303881
-0.035188 0.186357
-0.537767 -0.163529
1.596437 0.217141
0.712205 1.009670
0.385035 1.581079
1.011618 -0.005625
0.446587 0.099388
-0.395321 1.763156
1.465368 2.420717
1.362245 1.436387
0.367446 1.260036
1.038511 -2.133160
0.496050 1.579700
-0.313879 -0.187935
-0.112212 -0.590547
-0.184766 -0.184811
-0.877975 -0.341297
-0.002489 -1.059651
-0.837387 -0.672998
-0.226169 0.302842
1.677907 -1.449121
3.334741 0.386667
-0.310911 0.960080
-1.305825 -0.477299
0.869200 0.959803
-0.080682 -0.387604
0.307702 -0.605844
-0.868520 0.587483
1.476418 0.455311
-1.116949 -1.254247
-1.244399 -1.222462
1.836870 0.404364
-0.913920 2.266006
0.357975 0.752456
0.826784 -0.044433
-0.519582 -0.046201
-0.137150 0.572484
0.458029 0.846023
0.721905 0.919986
-1.562143 0.509277
-0.450806 0.309236
0.020576 0.730998
2.531330 -1.622114
0.239102 0.819337
0.515487 0.769931
1.224574 -0.984755
0.811497 0.224244
-0.024219 -1.384006
-0.113078 -1.071650
0.308157 0.267172
0.954620 1.758437
0.787263 0.767326
-0.242934 1.473287
-0.476041 -1.915589
-1.316580 1.698189
-0.765133 -0.267423
0.014086 -0.675392
0.352929 0.971193
-0.108698 0.490078
1.003855 1.543785
-0.769083 0.163052
-0.477434 1.063660
0.754806 0.503737
-0.375664 1.099300
0.285745 0.602119
0.114331 1.349560
0.805499 -2.449629
-1.534443 -0.716244
0.665310 -0.706931
-0.237073 0.740294
-0.655974 0.647631
-0.554302 0.677440
2.329548 1.970166
-0.559573 0.176982
-0.090528 0.039932
0.447134 0.368262
1.438448 0.737962
-0.079446 0.556695
-1.567662 -0.482627
0.736223 0.957364
0.465055 0.729799
-0.348443 -0.410524
0.493120 1.276318
0.949350 1.320971
0.083091 2.201356
1.956881 0.024392
-0.613146 1.633864
-0.210738 2.159756
-0.986970 -0.447852
-0.415489 1.070198
-0.807276 0.022529
0.419907 -1.074547
0.160215 1.633865
-0.610073 -0.109299
0.637811 -1.118964
-1.118817 -1.173610
-0.712130 1.119658
0.418561 -0.978596
-0.099140 0.249388
0.186214 0.088119
-0.198629 -1.415102
-0.253230 0.934340
0.802081 -0.549181
-0.307345 -0.162584
-0.480889 0.540001
-1.977082 0.415199
-0.165064 1.750693
2.072462 -1.250349
-0.113470 0.151755
-0.080674 1.268379
0.420638 0.087537
0.536056 0.033244
-1.204188 -0.336862
-0.774406 -1.370489
0.297763 -1.532585
-0.690307 0.285092
0.510143 -1.333289
0.253778 0.080506
-1.057254 -0.583117
-1.703642 -0.066513
1.349442 -0.899460
0.782130 0.155892
0.469106 1.265877
1.424250 -0.131186
0.032188 -0.001340
1.533593 0.504365
1.394218 -1.172725
-1.480960 0.448484
-0.012180 -1.054233
-1.456654 -0.076184
0.611369 -0.561441
-0.352445 2.998142
1.087774 1.127766
-1.122081 -0.425573
-1.497994 1.043701
1.393165 2.504058
-0.007019 -0.323177
-0.481880 -0.041545
-2.635988 2.211617
-1.429351 0.057726
1.399605 -1.332085
1.047364 -0.887510
0.316890 -1.036202
0.932895 0.173512
0.563690 0.354850
0.994610 0.322462
-1.459853 -0.471597
-1.834170 0.168766
-0.941173 0.082779
-2.500690 -0.159655
0.338050 0.239257
-1.198333 -0.761604
-0.110815 -0.079761
0.395340 -0.694506
-0.869864 -0.766976
1.163523 -2.761232
0.797476 -0.693558
0.654146 1.146598
0.855157 -2.111550
-0.059812 -0.267486
0.785828 -0.968520
-1.215079 0.726260
-0.140733 0.138146
0.657522 -0.381542
0.994201 -1.610831
2.814783 0.073962
0.928489 0.276034
-0.435764 -1.309543
-0.283567 0.486045
-0.190906 0.466874
-0.466300 1.727058
0.226490 1.525313
0.874556 0.273197
-0.430524 -1.082385
-0.651334 -0.787364
-1.059077 0.839531
-1.948932 -0.034946
0.676835 0.711483
-1.051217 -0.873087
-0.501209 1.686791
-0.115011 0.393411
-1.434483 -0.406629
-0.525291 2.394395
-0.857605 1.523178
1.580204 -0.235337
-0.466099 -1.036278
-2.001201 0.047017
1.441033 -0.785621
-2.032961 -0.732931
-0.772900 -1.254694
-0.460302 -0.624804
1.286187 -1.687204
-0.527510 -0.535999
0.503852 0.522376
0.061308 0.091115
-0.201428 2.089203
1.215053 1.225877
1.276122 0.326171
-0.828928 -0.035547
0.320977 2.657901
-0.406343 -1.520038
1.239240 0.702675
1.893199 -0.479255
0.380769 -0.025226
0.009066 -0.551318
-0.657185 -1.946255
0.252777 -0.306226
0.422638 -1.585258
1.287157 -0.090980
0.004574 -0.686374
-2.637855 -1.314229
-2.087757 2.185803
0.018331 -0.855322
0.582037 -1.510764
0.416309 0.174320
2.711690 0.792041
1.230555 -1.343213
0.907354 0.314887
0.485306 0.242195
-1.242472 0.551482
1.129789 1.419501
0.415863 -0.918228
1.405246 -0.450834
0.805215 -2.085286
-0.947226 -0.039164
-0.059383 -1.839966
1.087119 0.604901
1.055862 0.477283
0.095241 -1.754898
-1.236015 -0.609016
0.794281 -0.206751
-0.631534 1.154050
1.015427 -0.332226
-2.081033 -0.609785
0.643054 -0.596935
0.384310 0.599277
-0.721039 0.637969
-2.284985 0.796171
-0.011171 0.323060
-0.541193 0.328567
-0.030917 2.200984
-0.014312 0.191883
-1.914974 -0.633254
-0.382348 -1.638920
0.215053 -0.207049
-0.626396 0.152385
2.090820 -2.589054
-1.133198 -0.332286
-1.265061 -0.968894
2.069448 -1.234500
0.604797 0.350328
1.743910 -0.226990
-0.053788 0.196817
-1.379858 0.788890
0.108714 -1.147149
0.757604 0.092707
-0.651506 0.191448
0.489376 -0.584815
-1.015026 -0.083785
-0.476652 -0.243209
1.400523 0.037876
2.065151 0.148358
1.168712 0.620396
1.026980 0.404784
-0.778104 -0.916381
1.299360 -0.691028
1.937777 0.489749
-0.375618 -0.322583
0.768165 -1.259684
0.947984 -0.191030
0.747362 0.756047
1.756785 -0.596869
-2.513018 0.025782
-1.048032 -0.046352
1.008102 1.452682
1.024457 -2.029600
0.693060 1.648275
0.701847 1.147958
-1.164039 -0.770894
0.300896 0.395655
0.993925 0.091165
-0.124866 -1.531510
0.093072 -1.202755
-0.015179 -0.035142
1.382359 1.804733
-0.010935 -0.309370
-0.826460 -1.013623
-1.120915 0.567883
1.200771 -0.610801
-1.952601 -0.944016
-0.822250 1.937303
-0.990291 -0.252811
-0.858722 -0.918599
-0.132333 1.528937
2.130001 0.481756
0.515212 -0.046758
0.866608 -1.142247
0.516566 -0.229816
1.276647 -0.677065
-0.095480 -0.668127
-0.567845 -0.008657
0.261403 -0.869047
-0.229804 1.830629
-0.288670 -0.170742
-0.725526 0.329218
0.616215 -1.082522
-1.760059 0.080211
-0.510641 -1.796485
-0.427752 -1.236209
0.105908 0.048782
-0.390650 -1.023634
-0.232520 -0.382703
-0.721704 0.341099
-1.357306 0.069422
1.388091 -2.012584
0.483162 0.987146
-0.573862 0.831528
-0.756804 -0.428069
-0.565960 -0.585081
-2.346344 0.508269
1.368839 -1.395409
-1.406976 0.241502
0.980231 -1.451397
0.226438 0.973570
0.704857 -0.483406
-0.144712 -1.920336
-1.149818 -0.046216
0.647232 1.204862
0.068030 0.135164
0.143532 -0.445991
-0.894817 -0.090994
-0.792652 0.747921
-0.160569 1.096555
1.175097 -0.268386
0.855688 -0.074351
1.730390 0.153029
-0.126008 2.261690
2.469933 1.428807
0.429646 0.913473
0.531528 -0.641660
1.846935 -0.919073
1.424529 -2.298188
0.972715 0.523067
-0.580529 0.370522
-0.364467 -0.769333
-0.354789 -0.485471
-2.060904 -0.991506
-1.695430 -0.985334
1.826914 0.415047
0.558944 2.374276
-0.162067 1.092169
0.386567 0.215193
0.051805 -1.768190
-0.988768 -1.566522
0.943285 -0.202727
-0.872214 1.223266
-0.490499 -0.327958
-0.784216 1.194701
-0.140590 -0.235961
0.434815 0.957140
-0.343020 -0.800072
0.092300 1.712852
-0.143528 0.383581
0.808184 -0.282035
-1.549053 -0.417363
0.428281 0.013062
1.059286 0.528644
-0.884341 0.454226
-0.464423 -1.043766
-1.581952 -1.245638
-0.681037 1.303243
-0.355871 1.430853
1.249911 -0.997261
-0.867399 -0.919716
0.217972 0.438713
0.499471 1.550963
1.909393 1.283825
0.405268 0.872916
-0.432484 -0.841315
-1.009784 -0.197144
0.265960 -0.334950
-1.802691 0.969601
-0.758738 -0.781668
-0.139248 -0.531920
-1.603421 -0.241153
-0.110346 -0.860332
1.044707 0.272151
0.300545 0.861889
1.951943 -0.418720
-2.066518 0.191744
0.717825 1.617029
1.175305 0.663744
1.613533 -0.386471
-2.071830 0.265027
-0.248283 1.245357
-0.557072 1.542626
0.394435 1.246894
1.542325 -0.484720
0.577819 -1.032034
-1.751089 -0.062649
0.112769 -0.070718
0.045406 1.824636
-0.464359 -0.131438
-1.707435 0.063710
1.027724 0.888624
0.663859 0.488436
0.847264 -0.537228
-0.631365 0.868457
-0.438185 -0.010211
-1.473577 -0.545030
-1.146502 0.929053
1.159493 1.498831
1.227327 -0.378236
-1.220349 0.078147
0.034902 0.469762
-0.409856 1.569306
-0.764830 -0.877302
0.191265 -1.134844
0.730160 -0.351023
-2.641505 -0.159493
0.368227 -1.450220
1.831284 0.927994
0.089793 1.123944
-1.327862 0.574510
0.041158 0.025036
0.142931 1.533247
1.975629 -0.999712
0.335147 -0.588499
-0.343214 -0.435407
-0.725098 1.184711
2.034789 0.770175
-0.891929 0.307332
-0.247659 -0.325069
-1.328516 1.856436
1.639888 -0.611732
-2.363047 0.331802
-0.965797 -0.760174
-0.626659 0.395077
-0.508380 -1.659513
-0.623603 -1.185573
0.054623 0.729518
-0.011751 -0.611225
-1.603574 0.420202
0.845908 0.300669
0.516161 -0.115392
0.560154 1.782648
0.977593 1.434999
-0.015179 0.165048
0.954627 0.284204
-0.528870 0.401047
1.494634 -0.075727
-1.400300 -0.355480
-0.448355 0.803509
-1.046444 -0.124286
-0.844852 0.001377
-0.467538 1.268736
-0.509593 -0.607434
-0.312729 -2.301690
0.284170 1.840813
-1.219371 0.826851
0.026103 -0.344185
0.356610 1.005889
1.734431 0.583345
0.132772 -0.054076
1.400591 0.951501
0.121654 -1.875769
0.463256 0.530249
-0.010015 -0.198995
0.107660 -0.091015
0.530514 2.471353
-0.727156 0.099686
-2.621643 0.272183
0.590146 0.609032
0.126126 0.739692
0.164423 0.142389
-1.033966 0.911315
0.603594 0.143349
0.359008 -0.566734
0.781519 -0.391708
-1.279129 -0.606656
0.190084 0.728676
-0.725043 -1.701013
1.842703 1.196343
2.451216 0.603538
-0.338005 0.417812
-0.282938 -1.860026
0.060296 0.077267
-0.163632 2.644715
-0.239892 -0.713148
-0.814287 -1.739478
-0.532809 -0.945042
-1.053515 0.760742
1.039841 -0.347292
0.867978 0.342306
-1.414526 -1.203535
0.262227 0.468570
1.353765 -0.331122
0.653167 -1.260787
0.117681 1.094158
-0.216540 0.876380
0.309653 -0.043933
-0.520884 -1.051676
-0.397325 -0.632978
-1.573477 -1.088244
-1.633665 -0.020520
2.183282 -0.623188
0.856716 0.551782
0.186397 -2.081549
0.492901 -1.213722
0.502865 1.222095
-0.311510 -0.228321
-0.977591 -1.306390
0.850962 0.474352
0.044719 0.691568
-1.468188 -0.920905
-0.150162 2.927656
1.148203 1.368923
1.672232 1.285071
1.028664 -1.500671
-1.117497 1.345099
0.291502 -0.426485
-0.223884 0.551747
0.069876 1.074216
-0.705208 -1.969370
2.048658 1.414856
0.320353 -0.076536
0.253531 0.061857
0.660512 -1.240977
-1.540598 0.480447
-1.968636 1.589639
0.127544 -0.184850
-1.168755 -1.089741
-0.441887 0.358639
-0.975480 0.316777
0.795120 1.534795
-1.247817 2.423963
0.411227 1.071072
-1.331428 0.782692
-0.590289 -0.613049
-0.836451 1.811186
-1.433558 0.670828
-0.987346 -0.181192
-0.296247 -2.084426
-2.424270 1.033463
1.014028 0.903288
0.940100 1.363604
-0.726984 1.057734
0.828365 -0.264882
-1.242522 0.486852
-2.055734 -0.843932
0.179594 -1.056935
0.601901 1.131380
0.722514 1.141051
-0.294756 0.449605
-2.373831 1.187806
-0.196736 -0.339903
-1.268148 -0.888264
-1.457330 0.602848
0.215810 0.224518
1.651131 1.279463
-0.184314 1.437029
0.735405 -2.106362
2.253335 1.363011
-0.100427 -1.194973
0.527544 0.704554
-0.567577 -1.553967
-0.798071 0.307069
-1.440823 0.126168
-2.791532 -0.470343
-1.138700 -0.561338
-1.370877 0.346053
-0.747529 -1.487696
-1.098180 -0.257141
-0.788957 -1.031043
-0.317189 0.406543
-0.803618 0.810622
-0.088320 0.733114
0.805665 0.123779
-0.053772 -0.313362
-0.161676 0.176444
-0.773523 -0.151326
-1.556511 -0.071234
-0.375430 -0.318068
0.054532 -0.880014
0.338170 1.953867
1.173964 -0.044143
0.346731 1.510446
0.155600 0.400902
-0.483989 0.718557
-0.118723 -0.013316
1.075725 2.331055
-0.674374 -1.689788
-0.793236 -0.765327
0.427090 -0.284555
-1.704583 -0.746444
0.785993 0.975587
0.032573 -0.375088
0.320300 0.145008
-1.386838 1.184569
-1.098176 0.884672
-0.325608 0.536842
2.322476 -1.712203
0.820449 -1.600177
0.747925 -0.180507
-0.101676 0.708577
0.541964 -1.105136
1.364531 0.289703
-1.802518 1.266685
0.471256 -0.012383
0.608862 -0.213263
-1.067963 -0.603529
-0.119508 1.569807
0.187118 0.379347
0.739770 -1.040678
-1.273534 -0.198787
-0.509701 -1.235677
1.030582 0.887303
1.163966 -0.095293
1.487860 0.940615
-0.603453 -0.788305
-0.287256 -2.284754
-0.042536 -0.496991
0.977265 -0.024179
0.234527 -1.750011
0.368617 1.535418
1.472925 0.444047
-1.104411 0.859714
0.296514 -0.482281
-0.045762 1.005208
-0.137402 -1.009827
-1.559501 0.667642
0.408982 -0.507236
1.152697 -0.355237
-1.839583 2.111735
-1.551700 0.413611
0.453220 -1.258440
-0.387526 1.949629
0.372479 -0.573781
0.597500 -1.511882
1.001631 -0.257650
-0.007960 1.212040
-0.885738 -0.089213
-0.371389 1.718042
0.813637 -0.718926
-1.082620 -1.434663
0.812286 -0.033507
0.058978 0.146272
0.982108 0.125918
-0.178019 0.110664
-1.923110 -0.519729
2.072498 0.524644
1.963340 -1.276271
-0.378047 -0.500779
1.114198 1.138879
0.696586 -0.727203
1.559787 0.392308
0.025981 1.160342
0.676356 0.316261
0.871780 2.016798
-0.269444 0.524648
1.116916 1.452984
-0.457915 0.775970
-0.543653 -0.033140
0.149312 0.444013
0.681367 2.265235
-0.231922 0.093293
-1.505776 -1.043557
-0.543851 0.975089
-0.471299 -1.615588
0.244017 -0.020731
0.085977 0.853203
1.410219 -0.124442
-0.846874 0.053579
0.175261 -0.324466
-0.176749 -0.449377
1.838201 -0.136661
-0.384289 -1.437541
0.369927 -0.504457
0.114318 -0.625469
-0.319316 0.656374
0.585519 1.721482
-1.401537 1.319402
-0.623430 -0.200867
-0.393000 0.508519
-0.650437 0.049674
0.537358 3.015192
-1.085088 -0.858796
-0.067372 -0.151025
-0.846767 0.404786
-0.903087 1.883819
1.519511 0.472752
-1.723573 -1.379241
-0.834276 0.289974
2.053355 0.597189
1.004914 0.215166
0.200301 1.414208
-1.837682 1.008045
0.430484 0.291729
2.759701 -0.429950
0.207072 0.361348
0.697229 1.637937
2.185333 0.565710
-0.941149 1.220210
1.387844 -0.760771
-0.848780 -1.488752
-0.785481 0.096654
0.428686 0.700264
0.984141 -1.959057
-0.751599 -0.786292
0.149915 -0.279462
0.828671 -0.170296
-0.314738 -0.478682
0.553409 0.188613
-0.112690 -0.612908
-0.707544 -0.559326
0.299863 -0.351577
0.828575 1.068525
1.291037 0.466429
-0.537873 0.000567
-0.986044 0.789985
0.953708 -0.210714
-0.447561 -0.592153
-1.096543 -0.744176
0.293209 0.681544
-0.464792 -0.955874
-1.444425 -0.157245
1.154593 -0.533421
-0.082881 1.295238
-0.784221 0.354583
0.538088 -1.595061
0.698636 -1.238336
-0.545885 0.214013
0.629412 -0.693415
-0.195996 0.843787
-0.306296 -1.623858
-0.253386 -0.813739
0.114821 1.638973
-0.773863 -0.345619
-1.255889 -0.515012
0.526511 0.674966
0.449019 0.883667
0.337020 -0.572735
0.393477 -0.185830
-1.238465 -0.795135
1.591838 0.571999
-0.105711 0.453519
-0.379978 -1.085330
0.195292 -0.510115
1.229285 0.086178
0.901011 1.414533
-0.747451 1.025652
-1.005848 1.270513
-0.485599 -0.194147
-0.814633 0.650607
1.160602 -0.484669
1.056607 0.428447
0.348470 -0.438345
1.217223 -0.776069
-0.214250 -0.217197
0.461260 0.384222
-1.299799 -0.615848
-2.174623 -0.425858
1.255975 -0.890732
0.374054 -2.101201
-0.679376 0.552252
-0.528543 -0.025712
-1.322210 1.239950
0.164367 -1.253870
0.668022 1.039054
-0.099489 -0.224058
0.003608 1.930042
0.132321 0.420819
-0.566517 -0.504746
-0.183075 1.040541
-0.914907 1.468773
0.678929 1.618141
0.408325 -1.785043
-0.274513 0.907896
0.291742 -0.799473
0.700057 0.324567
1.380927 -0.184593
-0.422872 -0.195022
-2.560190 0.715663
-0.102961 1.094264
-1.302883 0.720873
-0.228936 0.157300
-0.217003 -0.508296
-0.088523 -1.104044
-2.642443 -0.018495
0.783437 -0.731175
1.904767 0.518888
0.553565 0.366831
-0.978435 -1.635025
0.006669 -0.425374
-1.140857 0.609401
-0.050576 0.136198
0.299840 -0.215597
1.796813 -0.139129
1.198956 -1.087138
0.416787 0.183418
1.940892 -1.749734
1.650208 -0.825525
0.722932 0.441277
-0.037908 -1.952234
-0.164387 -0.808366
0.263421 0.115564
-0.281774 0.306684
0.303584 0.018418
-0.053644 0.105297
-0.649133 0.113088
-2.199870 1.196861
2.209643 0.308318
-3.207304 1.255286
0.754934 -1.729159
-2.186387 -1.996657
-0.172071 0.459863
0.019982 1.306543
0.679986 0.116381
0.976578 -0.300961
0.262197 1.176279
-1.521856 -1.585395
-0.332797 -0.205027
-0.889592 -0.678895
2.346182 0.333334
0.862707 0.243566
-0.725171 0.299653
0.415857 0.434135
-0.894145 -1.284522
1.108675 0.270273
-0.769906 -0.045746
-0.339149 1.971897
0.440391 0.075983
-0.629999 0.702272
0.951176 -0.781559
-1.552204 0.662054
1.451296 0.302312
-0.002560 -0.773868
-1.495417 -1.191969
-0.259464 -0.685401
0.792347 0.782120
-0.020025 1.239401
0.892838 0.197445
-0.461467 -0.081397
-0.382523 -0.108671
-0.201911 0.805228
1.267356 -0.566458
1.048167 1.152529
0.642856 1.208362
0.005351 2.188517
0.998224 0.793008
-1.190267 1.675439
1.152116 -0.022758
0.041685 -1.133204
-0.177490 -0.449237
0.192389 1.916554
0.137204 0.577843
-0.366444 -0.092652
2.220334 0.828742
-0.103431 2.153769
1.446081 -0.522443
2.216904 -0.784148
-1.396119 1.772536
0.269612 0.228818
-0.534262 -0.357218
1.129514 0.477037
-0.580775 -1.093946
0.655206 0.988837
0.190925 -0.474830
-1.028792 0.145461
0.191147 -0.484483
-2.508159 0.238544
1.059358 0.711989
-0.264071 -0.357152
-0.084095 -0.281042
-1.655859 -1.427032
0.654177 0.049266
1.229573 -0.707826
-1.375575 0.401640
0.488359 -1.510501
0.856391 0.278376
0.507076 0.545465
0.641409 -0.042247
1.339348 -0.128030
1.337566 0.783715
1.206706 -0.859622
-0.762550 1.116807
-0.699400 0.876502
-0.534867 0.071132
-1.160166 0.139146
-0.402822 -0.224596
-1.466190 -0.434818
0.226550 -0.590067
-0.092548 0.877088
-0.600852 1.486486
-1.365377 0.578040
0.336354 1.163369
1.606235 -0.755578
1.036502 -1.142781
-0.679104 -0.573780
-0.424997 0.736552
0.582196 1.061231
1.360554 0.771807
-0.994208 0.549837
0.927930 -0.089420
1.694394 1.125166
-0.083646 -0.260165
-0.131161 -0.216625
-0.234892 0.681378
0.306005 1.430844
-1.127327 0.678513
0.455287 -0.256774
-0.439144 -0.467245
1.180558 0.815324
-1.577956 -0.205543
-0.436465 0.074228
3.105081 -0.398107
-2.719380 -1.556102
0.105330 0.430723
0.686429 -0.519180
0.935495 1.061708
-0.401062 -1.201410
-0.733282 0.090088
0.304499 2.347308
-1.412134 1.489848
0.108252 0.136387
-0.239437 -0.364462
0.372080 -1.177008
0.517156 -1.559628
-2.343595 1.275638
-0.877894 -0.419872
-0.630715 -1.014704
-1.060561 1.422376
-1.537669 -1.038818
-1.015616 1.786152
-0.575323 -1.051331
-0.611837 0.739619
-0.648675 -1.122708
-0.035713 -1.290799
0.727495 1.221262
0.386686 -1.376954
-1.015741 -0.562509
-0.757003 1.140806
-0.284518 1.207014
1.033317 0.763937
0.892552 -1.214211
0.753557 0.223556
0.914382 -0.467110
-0.617683 -1.421101
0.454243 -1.011214
-1.364256 0.465112
-0.327421 1.908088
2.271422 -0.061428
-1.500509 -0.214506
-0.135769 -0.907759
1.237248 0.357521
-0.180806 3.201042
0.425712 2.086245
1.068125 2.212284
0.001593 0.136751
1.431633 -3.022704
-0.979685 0.057833
-0.787544 0.746535
-0.951569 -1.674261
1.099794 1.018173
0.402119 0.046782
1.070239 -0.214811
0.705722 -0.442562
-0.303028 1.374972
0.914957 -0.306168
0.892813 0.352100
0.784554 0.592923
-0.636442 0.758638
1.386450 -0.986864
-0.168998 1.008034
0.083174 0.281994
0.536061 0.775003
-0.842804 -0.611790
-0.920226 0.574991
0.393313 -0.125020
-0.436249 -1.386934
0.935425 0.905462
-0.439084 -1.766875
-0.288604 0.155230
-1.236528 1.233036
0.385895 -1.849441
0.529409 -2.108735
0.372297 2.687933
-0.595483 -0.432958
-0.617123 -0.686592
0.894362 1.354844
-1.204928 2.083613
0.675760 2.223389
-1.592477 -1.082530
-0.596780 0.507962
-1.376657 0.072000
-0.930862 0.810975
0.317671 1.218728
1.281603 -0.944839
-0.497255 1.147642
-0.642031 1.305702
2.738379 0.335092
-0.999934 1.151428
1.045184 -0.231976
-1.701066 1.549866
-1.236620 -0.602845
-0.012497 -0.575381
-0.735732 0.142175
2.641311 -0.392331
1.012774 0.317653
0.935327 -0.228395
-0.292084 -0.480529
0.630844 0.127878
-0.899994 -0.090823
0.757636 1.203145
0.025402 -1.012975
0.969617 0.600051
0.393064 -1.006997
-1.421896 -1.708825
-0.418868 -0.041621
1.827668 0.240743
0.739086 0.152329
-0.678241 0.662462
1.217310 0.924753
-1.179981 0.996974
-0.560649 -1.387026
0.551753 1.452041
-1.365863 0.045458
-0.908221 0.616370
-2.634099 1.139664
-1.138309 -0.229950
-1.079927 -0.402494
-1.081874 -0.271114
-1.271516 0.334492
0.560905 -0.538167
-0.087195 -1.100731
-0.069489 -0.709351
-1.465980 0.138858
0.278485 -1.184983
-0.549332 0.506319
-0.048410 0.839896
-1.423747 1.015676
-1.411152 -0.399723
-0.258006 -0.486430
0.237723 0.487585
-0.768449 -0.075167
-1.444967 0.430032
0.642406 1.910339
-1.658976 0.550011
-1.006629 0.457472
-0.021495 -1.992766
0.527531 0.672013
-0.644216 -0.867807
-2.612988 -0.981871
0.573106 0.543785
0.344209 0.273446
-0.938034 2.139031
0.218341 1.516435
0.384730 -0.325124
-0.472211 -0.115260
0.162920 -0.078709
-1.396394 0.332057
0.058995 -0.369463
0.709995 -1.798551
-1.318260 0.016305
-1.159948 1.646096
-0.400641 0.799245
1.133750 -0.760411
0.444682 -1.560452
0.299771 0.062084
1.398600 -0.655614
-0.100595 -1.422223
0.588053 1.517697
-0.198883 0.228571
-1.050336 -0.019640
0.391307 0.249065
1.199085 1.474382
0.591007 0.701333
-0.008386 -3.069256
0.997671 2.070415
-0.365494 2.603905
0.872509 -0.101846
1.403108 0.842120
0.739033 -1.024589
0.680977 0.559981
0.620087 -0.846612
0.457814 0.860543
-0.923901 0.738745
-1.579770 0.808361
0.351833 0.597384
0.887502 0.429392
2.202386 -0.232712
0.226087 0.828835
-0.754744 -0.301587
0.741985 0.178020
-0.023571 -1.943370
-0.020604 0.233370
-0.027479 0.284445
1.248408 -0.670702
-1.214011 0.334845
-0.952897 0.387564
0.782386 0.625713
0.229637 0.900058
0.658462 -1.033746
-0.605031 0.147310
0.515821 0.633503
-0.324424 -0.746010
-1.274609 -0.226085
-0.444529 0.228863
0.372528 -0.261094
-0.142027 -0.496047
-0.938117 -0.862003
1.257804 -1.303547
-0.629941 2.629473
0.179545 0.176278
0.487424 -0.531434
-0.589208 -0.117498
2.386881 0.860269
0.198396 -0.465084
-1.716891 -0.103335
-1.260716 -1.847924
0.341153 -0.092023
1.050027 -1.696184
-0.304885 -0.790246
2.211422 -0.071265
-0.578969 0.016380
0.134121 0.915323
-0.674410 -0.197054
-0.720705 0.513305
-0.459859 1.698023
-0.802964 0.650162
0.775922 -0.752799
1.534520 0.439917
1.531111 1.144266
0.789725 1.244028
-1.194669 0.114315
-0.014241 0.205822
-0.347974 0.142151
-0.846988 0.367614
1.071707 0.746540
0.858024 0.156864
0.560163 -1.090977
-0.529582 0.065887
0.665911 -0.256879
1.193677 0.501441
-0.848423 -1.803386
0.796451 -1.416152
0.707615 -0.298534
-0.610744 -0.159539
0.436258 -1.039209
0.503646 -0.916799
-0.755176 -0.030789
-1.039571 0.373214
-1.172760 -0.469664
0.217499 -1.019870
0.351195 0.053060
-2.143071 -0.579174
-0.187339 -0.042466
0.005238 -0.584334
0.446777 -0.445259
1.150596 -0.182423
0.848775 0.042841
0.986020 -0.285540
1.418904 2.030488
-1.386159 0.096508
0.120023 -0.076815
0.330448 -0.795694
1.512270 -0.275575
-0.104067 0.591481
-1.086389 0.278009
-0.595122 -0.427138
-1.229361 0.798644
-0.758058 0.211747
-0.488573 0.250829
-0.147319 -1.287247
1.977127 0.956575
0.117772 0.185916
2.297212 -0.153963
-0.379933 -0.816089
-0.073546 0.280940
-0.036565 0.400127
-0.100253 0.897305
-1.573176 -0.027303
1.589085 -0.720520
-0.030571 -0.335243
-1.058504 0.514257
1.041299 0.020169
0.625769 -0.957515
-1.716095 -1.264398
-0.497184 0.168546
-2.810932 -0.345338
0.942098 -0.582022
-0.319844 -0.101228
-0.811937 0.034351
-0.986611 1.727425
0.093994 -0.739016
0.767277 1.040442
0.247222 -0.132513
-0.339439 -1.076987
1.208532 0.860573
-0.028690 -0.091397
0.265693 -0.164214
-0.353338 -0.051688
-1.770354 -0.882448
-0.211313 -0.820025
-0.480267 -2.311703
-0.845316 -0.778227
-0.389377 0.173902
1.077303 -0.156010
-1.329851 -0.390504
-1.169929 -1.444465
-0.582797 -1.020400
-0.176041 0.321108
0.990749 0.399311
-1.652394 -1.471654
0.819289 -1.373561
1.935595 -0.429601
-0.717085 -0.069588
1.342708 0.887183
-0.919865 -0.042451
-2.127316 1.102472
-0.743667 -0.002781
1.300503 -0.522705
-0.383957 0.708393
0.097089 0.234291
-1.042619 1.959334
-0.039238 -1.194470
-0.576322 -2.600783
0.987543 -0.704925
1.248107 0.251010
1.184095 -1.440086
0.628764 1.066655
0.187236 1.054119
2.056102 -0.017743
1.021003 0.350603
0.448464 1.510872
-0.192580 0.743199
0.187746 1.043043
0.317203 -1.013550
1.535542 -0.504680
0.649415 -1.205043
0.877418 1.819076
0.606879 1.406189
-0.092405 0.268885
1.278594 -1.476590
-0.293380 0.491111
-1.060210 0.327959
0.216459 -2.225012
1.079980 0.539748
-0.220963 1.253064
0.932062 1.259842
1.762670 -1.635624
0.112478 -1.421630
-1.336192 0.334845
0.868352 -0.486669
-0.295314 0.900123
-2.314419 0.664220
-1.788476 -1.163332
1.146911 -0.704307
-0.837805 0.134067
1.707218 1.667180
-1.037163 -1.128852
0.535879 -1.136504
2.095235 -0.394273
1.938807 0.351381
-1.096234 0.554851
-1.135068 -0.242009
-0.648103 0.404959
0.343248 1.059589
1.335154 -0.388588
-1.009530 0.478555
0.830934 0.238213
-1.708120 -0.317529
0.104269 0.518590
-0.457611 2.248068
1.195953 -0.535920
-1.440739 0.066212
-0.092970 -0.947166
0.226275 -0.772077
0.205496 -1.581742
-0.619245 -0.002315
-0.857351 -1.566703
0.071509 -0.713748
-0.163519 0.324962
0.250602 -0.270301
-2.910167 -2.017676
0.272745 -0.304327
-2.344745 -0.000225
-1.597037 0.913868
0.693856 -0.784127
1.854854 0.681003
2.084085 0.463816
-0.635225 -1.643653
-0.300882 -0.264167
-0.646473 -0.580670
0.750029 -1.804061
0.220554 -0.551570
-0.300007 0.225601
0.696571 -1.723768
0.072707 -0.198180
1.566440 -0.607025
-0.155378 0.067580
0.258529 0.473832
-1.142405 -1.417135
-1.269393 1.006248
-0.915604 0.026255
-0.184719 0.129438
0.334687 -1.165979
-0.328006 0.488390
-0.890682 0.649679
1.593704 -0.771067
-2.221860 1.618707
0.451324 1.045756
1.030476 1.380645
1.403711 0.363949
-0.980273 -2.921553
-1.820435 0.056743
-0.661569 -1.296727
-1.236769 -3.132089
1.291256 0.956932
-0.392385 -0.458184
0.086197 0.628536
0.988538 -0.751560
1.654584 -1.515956
1.202664 -0.130810
-1.345003 1.379816
0.170131 -0.840321
-3.753071 0.210723
0.078599 -1.659938
-0.261393 -0.244097
0.148212 1.261837
-0.335096 0.000032
-1.123232 -0.108349
-0.602232 -1.252544
0.504386 1.059687
0.778274 1.333111
0.150034 1.622908
-1.303501 2.066913
-2.656990 -0.304209
-1.250646 -1.230013
1.296076 0.375328
0.842381 -0.138031
-1.542530 -1.732810
-0.084359 -0.271283
-1.189957 -0.531727
-0.907214 -1.554316
-1.753500 -0.796894
-0.794114 0.900034
1.938940 -1.547622
0.879393 -0.203512
0.716859 -2.281347
0.446075 -2.437982
0.080116 0.170080
-0.066708 0.961454
-0.546529 -0.799441
0.244999 0.003524
0.311284 -0.313215
0.424632 -1.329047
-0.393135 0.546915
-0.359732 1.013151
-1.119159 -0.434065
-0.383660 1.260148
-0.537922 -0.650267
1.657646 1.277404
-0.959284 0.492022
0.672780 2.279405
0.352285 0.307329
-2.350038 -0.603781
-0.879906 0.939814
-1.852863 -1.031678
0.629262 0.450819
-0.964254 -1.454343
-0.262533 -1.469035
-0.675372 -0.492827
0.171782 0.491114
0.252670 1.662116
-0.407312 -0.241760
-0.669292 -1.403716
-0.574789 0.210844
0.882804 2.052018
0.162827 -0.382108
0.102039 0.834194
0.573636 0.413637
-0.253169 -0.886149
-1.624498 -1.339254
1.459790 0.408817
1.300934 0.429784
0.735124 -0.670428
-0.108851 -2.635734
-0.280413 1.219938
0.374722 -0.502459
1.628157 0.543087
-1.613045 1.109676
0.430555 0.487512
-0.458968 0.417046
-0.153650 -1.271299
-1.853397 -3.419481
2.830127 0.526383
0.070832 0.078638
0.104298 0.254719
-0.885789 -0.742606
-1.326102 -0.425864
1.525815 1.359184
-0.716158 -0.764918
1.335063 0.016641
0.749769 -0.407081
-0.680491 0.507037
1.130762 0.146961
-0.305214 -0.645860
1.101783 1.382136
-0.107289 1.169104
-3.030646 -0.394769
-0.808335 -0.055811
-0.036487 -0.840498
1.419771 0.011162
-0.489117 -0.179737
1.814346 -0.101695
0.481319 0.715036
-0.970752 2.646791
-1.474853 -0.076568
-0.464635 0.099158
-0.111327 -0.728106
-0.978589 1.972936
0.436249 0.085127
1.466744 -0.160387
-1.346338 2.176234
-0.602848 1.675419
1.362540 -0.082401
0.112209 -2.815236
-0.365501 -0.675888
1.328305 -1.030937
2.320430 0.505684
-0.119275 0.798522
0.344541 0.176592
0.841104 0.212922
0.095332 -0.495236
0.355038 0.027422
1.400037 0.749053
-2.068984 -0.292939
-0.219339 -0.247541
0.323621 -1.269444
-2.080647 -0.158096
0.458603 0.459506
0.022396 0.199238
-0.048305 -0.524155
-0.156841 1.329800
-0.983522 0.605401
-0.206259 -0.004727
0.633432 -0.534255
-1.060001 -2.175713
1.027999 1.254651
-0.105122 0.117046
-2.270596 1.234776
-1.897725 -0.135782
-0.378388 1.261913
0.126814 0.033816
-0.908863 0.091894
-0.849841 -0.721675
0.013963 -0.802332
0.366059 -0.012921
-0.654421 -1.454229
1.016993 1.352274
-0.961072 -0.361138
-0.531053 -0.006161
0.321354 0.601536
-1.530308 0.108314
0.692631 -1.082343
0.969181 -1.460254
-0.608583 0.574019
-0.223663 -1.002954
-1.092836 1.455153
1.402074 1.265447
-0.521702 0.675052
-0.044028 -0.858400
-0.352306 -0.337441
-0.740799 -1.611369
-0.107294 -1.581547
2.084937 1.062568
-0.079222 -1.313105
0.132116 0.752169
-0.630471 0.703069
0.646138 1.630378
0.219484 -1.336663
-0.424655 0.158086
-1.173444 0.125469
-2.586081 -0.581003
0.666817 -1.875177
-1.020170 0.928776
-1.430259 -1.005087
0.893602 1.437333
-0.652083 -0.315260
-0.689075 0.898012
0.302544 -0.094064
0.109644 -0.016867
0.213981 -1.187488
-1.320859 -0.125112
-0.225108 -0.212650
-0.765938 -0.715806
0.484813 -0.030813
1.770853 0.643619
0.002929 0.024533
1.683999 -0.277927
0.552507 1.030894
1.468733 0.150352
-0.136555 0.320369
-0.473193 1.985263
0.824649 -1.143287
-0.171671 -1.334400
-0.213365 1.377769
1.196933 -0.565846
0.546945 -0.429395
0.949368 -0.826617
1.238281 -0.084424
0.167714 -1.199029
1.707521 -0.776591
0.064641 0.408344
0.612713 0.118220
0.632924 1.593466
-1.708731 1.593824
0.716598 -0.954750
-0.983379 -0.078705
-0.377481 -0.982897
1.351965 1.082085
0.843671 1.825441
-0.777578 -0.343351
1.569299 3.013587
-0.110731 -0.519958
-1.730054 0.026708
-0.342088 0.151524
0.467152 -1.499736
-2.378100 0.641224
0.347171 0.499457
0.342995 0.925568
-1.484117 0.023480
0.167957 -2.028797
-1.572655 1.448398
2.241581 1.795526
1.726208 1.310825
-1.129349 0.772783
-0.051879 -0.695552
-1.935110 -1.281008
0.673274 0.490604
-0.129742 0.648824
0.257333 0.456738
0.836038 -1.737542
0.916194 0.025129
0.278552 -0.506825
-0.450563 -1.330973
2.269885 -0.904244
-1.354783 1.481948
1.062446 0.405637
0.002988 -1.781160
0.263630 -0.146955
-1.018774 0.668805
0.336933 1.178916
1.502247 0.907902
0.859343 0.148266
-0.040269 0.738077
1.780031 0.340971
-1.053719 1.077680
0.259547 -0.130276
0.709688 -0.924693
-0.277887 -1.276020
-0.482235 0.493958
-0.464297 0.365302
-1.049177 0.508235
-0.815673 0.517306
0.071748 -0.983558
-0.738311 -1.430842
-0.424934 -0.550276
-0.761882 0.693894
-2.163574 -0.989770
-0.685493 0.237083
-0.534599 0.695868
0.697202 -1.739716
0.067330 1.596898
-1.616593 0.793457
2.386244 -0.504232
0.677839 1.720957
-1.236244 1.732406
-0.687527 -0.423385
-0.967917 0.236058
-1.012046 1.075977
0.270202 -0.271045
0.584382 0.021861
1.395745 0.125592
0.318764 1.317741
0.325983 0.712850
-0.544542 0.894709
0.014998 1.637920
0.961913 -0.936476
-1.564777 -0.687727
0.629252 -0.389081
0.518466 0.474844
-0.263071 -2.603112
-1.932493 0.612842
-1.193438 0.312729
-0.432762 0.279491
1.778151 -1.368094
0.314756 1.088665
-1.020866 0.305736
0.348273 -0.379427
-1.579561 1.502494
-1.113966 -0.625306
1.155246 0.714929
1.007805 -0.262950
1.689310 -1.397863
0.273133 -1.234254
0.737937 -0.768894
0.080309 1.227350
0.131106 1.281341
0.656105 1.080577
0.305102 -0.409107
-1.783725 2.034974
-0.365834 0.503619
-1.056048 -0.165254
-1.353065 0.321205
-0.368374 -1.749526
1.352241 -0.233842
1.691884 0.903529
1.101514 -0.016476
-0.026286 -0.041858
0.267183 -0.156137
0.190629 -0.000695
-0.292643 -1.025064
-1.647688 0.910001
1.388522 -0.148601
-0.914185 -0.899792
-0.687956 -0.071025
-2.079278 -1.170315
-2.380749 -0.045429
-0.011877 0.167919
-1.253372 1.098731
0.158044 1.084390
-1.105425 0.070788
-0.600741 -0.714968
-0.164688 1.400952
-0.790242 -1.766899
-1.487737 0.727736
0.891232 -0.191719
-0.150424 -0.758299
1.428612 -1.000864
-0.589686 -1.276219
-1.158440 -1.202184
1.839397 1.500198
-1.624733 0.327564
-0.637133 -0.124897
-1.158033 0.007217
-1.862787 0.243008
0.251470 1.348088
0.740959 -1.292425
0.961026 -0.827417
1.657490 0.113323
-0.257936 -0.020893
-0.234912 0.660404
1.769802 1.244455
1.527985 1.473376
1.450038 0.910877
-1.124730 0.496900
-0.453297 -0.466280
0.363429 0.958646
-1.585329 -0.997772
0.951003 0.093116
0.928805 -0.126151
1.570397 -1.011440
-0.533747 -1.077645
-0.861427 2.150103
0.396503 0.294904
0.061940 1.005803
0.251470 -0.908159
0.269612 -0.478316
-0.845478 0.206369
0.824697 0.173934
-2.068550 -0.479755
0.031598 -1.668464
-0.077471 -0.591427
0.138243 1.527312
-0.459634 -0.786444
0.927211 -0.328567
0.736307 0.509974
-0.050180 -1.509924
-0.064447 -0.521476
-0.649628 -0.768651
0.447999 2.301134
0.392430 -0.374216
-0.400487 0.818035
-0.444114 -1.399738
0.215416 -0.986887
-0.990839 0.154271
2.698837 -0.750236
-0.590795 -0.220967
-0.198248 -0.584892
-1.419367 -1.236564
-0.527018 -0.267508
-0.293473 -1.365206
0.767168 -0.515610
0.828280 -0.193022
-0.248640 -0.471607
1.415567 -0.589549
0.258808 -0.458738
0.036004 -1.160435
0.645334 0.240026
0.997747 0.065718
-0.630123 0.224720
-0.289676 0.275331
0.239095 1.266917
0.298696 0.544218
2.312774 -0.695304
-1.469252 -1.201363
-1.214911 1.680604
1.618221 1.682873
0.957242 0.852703
-1.234698 0.414346
2.168121 -0.684136
-0.206748 -2.166124
0.092520 0.221701
-1.975345 -1.499115
1.788272 1.426240
-0.092793 1.048692
-2.788159 0.297039
-0.594600 -0.327499
-1.305795 1.740801
-0.571291 1.152890
-0.940628 -0.459444
-1.276153 0.826956
0.790325 1.683664
-1.089603 0.918467
0.763774 0.498160
0.895747 -0.062969
0.673502 1.223766
1.327287 -0.295389
0.235034 0.593384
2.811874 1.211142
-0.030557 -0.589124
-0.597685 0.619064
-0.593984 -0.380875
0.595416 -1.242941
-2.787821 -0.622958
0.815920 1.171906
-0.390636 1.650115
0.701970 0.553499
-0.117856 0.072421
0.928963 0.778953
0.498701 -0.634284
-0.189639 0.990779
0.310416 0.192926
1.792834 -0.363781
-0.778159 0.556477
-0.101686 -0.240736
-0.632873 0.561477
-0.216825 -0.304588
1.025752 0.941259
0.001810 -0.454836
0.912878 0.718664
0.175580 0.581299
-0.920724 0.078135
-0.445037 -1.450754
-0.628513 -0.196668
-0.764087 1.752414
0.544822 0.326424
1.133434 -0.585056
-1.291073 -1.264912
-0.255967 0.015800
1.256295 0.303964
1.012744 -0.543592
-0.829684 -0.738648
0.295336 -0.579567
0.412405 0.198945
0.940164 -0.488723
-1.791850 -0.713612
-0.870725 0.457836
0.366154 1.688337
1.125409 0.862450
0.043483 1.941989
-0.788199 0.384429
0.310101 0.276448
-1.153028 0.551461
0.286235 -0.409944
-0.292477 -0.662794
2.968296 -0.506274
1.077461 1.147066
0.527884 0.990419
1.413660 0.193937
1.348279 1.161732
0.291732 -0.870847
-0.596115 -0.185903
1.451963 2.560974
0.882721 1.786102
0.188834 0.184972
-0.255119 0.528270
-0.109560 0.569442
0.657251 -0.277582
0.131485 0.498945
3.309502 -0.246683
1.500298 1.210276
-0.030332 -0.358450
-0.289756 -0.153280
1.902749 -0.667696
0.324666 -1.886602
-0.332571 -0.135933
0.010325 -1.259515
0.652103 -0.640730
0.175088 0.539782
-0.207908 -1.425563
-1.555584 0.201718
-0.008433 -0.250847
0.100358 0.084579
0.135129 0.369201
-2.084465 -1.226986
-0.521701 0.238058
-0.241100 -1.715292
-1.059047 -0.093760
-1.697293 0.721246
2.312139 -0.182599
1.501658 0.314004
-0.887403 0.715157
1.515362 0.460647
-2.184621 -0.114256
-0.454570 -1.102020
0.711592 -0.668733
0.320826 -1.038385
-0.275445 -0.345057
-0.143749 -0.063442
0.309397 0.814706
0.310119 -1.482015
-0.033224 -0.170564
0.872869 -0.520471
1.525522 2.034133
0.173385 -0.794327
-1.432275 -0.008102
0.836890 0.970240
0.176621 1.886820
0.784379 -0.852244
-0.559377 -0.235047
0.171898 0.595410
-0.427902 1.163930
-0.107229 -0.088091
-0.466746 1.453644
-0.574163 -1.605353
1.505931 -1.249529
2.336838 -0.984297
-1.556183 -0.486290
-1.216839 0.433433
1.069466 1.219871
-1.199202 -0.948738
0.899426 -1.267333
0.446598 -0.675129
-0.402617 0.385333
-0.365900 1.086362
-0.214134 0.479027
-0.166525 -1.595766
-0.895394 1.586024
-0.314013 0.417954
1.165172 1.699116
0.876685 -0.246787
1.480300 -1.043436
0.835271 0.494584
0.087353 -0.624509
-1.308679 -0.041294
-0.209133 -0.228939
0.208744 -0.737879
-1.180875 -0.361072
-0.219360 0.533830
0.139762 -1.419683
-0.426508 0.677738
0.365180 1.150575
-0.362686 -0.565200
0.447449 -0.177950
-0.809149 0.851714
0.360932 -1.033788
0.184858 0.771302
-1.206194 -0.011218
0.536964 1.038434
-1.910853 1.368706
-0.283186 -0.631224
-0.999828 0.334674
0.366734 0.462775
-0.111453 0.802980
1.909567 1.590015
1.708724 -0.038670
0.756975 -0.709744
0.579403 -1.642315
0.082625 -0.505614
0.152642 -1.282568
1.516821 -0.898147
2.150443 -0.014433
-0.129569 -1.282098
-0.938876 -0.831352
1.837658 0.664710
-0.692669 -0.512813
1.590547 -0.246551
1.298980 0.437443
-0.802488 0.990410
1.081348 -1.434980
0.545252 2.198595
-0.310937 0.592796
-0.140046 -1.044248
0.284248 -0.303077
-0.229573 1.103958
0.921219 0.804907
0.897033 1.096524
-0.646957 -0.881346
0.510719 1.459215
0.698924 -1.307698
-2.428003 0.203232
-0.296946 -0.834799
0.418832 -1.845624
-1.165001 -0.502456
1.227903 0.386421
-0.245915 1.478999
1.711537 -0.069286
-0.903286 -1.632016
-1.451735 -1.008166
-0.262455 0.816319
0.340986 -1.505264
1.150365 -0.563665
1.088047 0.919120
0.113713 -0.245422
-0.569203 -1.256482
-1.506245 1.409824
0.517834 0.570711
0.838259 1.365775
1.406600 -0.753953
0.116953 -1.060600
-0.100902 -0.786701
-0.264487 -0.613000
0.068593 1.490981
-1.380004 -0.911256
2.086146 1.535505
0.202708 0.277987
-0.457206 1.530100
0.441188 -1.001614
0.276895 -0.926340
-0.112717 -0.864363
-0.684687 -1.456803
0.496919 0.884354
-0.643626 -0.273211
-1.705700 -1.980170
-0.238113 -0.170971
1.193187 0.815625
0.728983 -1.453216
-0.720871 0.688866
0.472398 0.652816
-0.359317 0.741849
0.095165 -0.964776
-0.971597 -1.083892
0.246259 2.314674
0.649711 0.183970
0.889948 0.417592
0.068063 -1.479463
1.920684 1.128349
-0.038353 -1.478496
-0.032359 0.735639
0.621780 -0.393753
-2.099757 0.844646
-1.152740 -1.407720
-1.498955 -2.354763
1.107770 -2.699524
-0.612328 1.430486
-0.267194 -3.364818
1.024016 0.132289
0.390873 0.370448
-0.574589 0.312611
-0.290668 -0.057906
-0.140326 -0.608885
-0.580827 0.245371
0.406231 1.167850
-0.383263 0.794782
-1.276451 -0.868777
0.962820 -0.454267
-2.442458 0.475877
0.962579 1.356869
-0.086736 0.015608
-0.878610 -0.611155
-0.085130 -1.226972
-1.014193 0.989079
0.322960 1.030558
0.508782 0.588252
1.579594 0.996490
0.627702 -0.813337
-0.633207 0.367352
-1.437400 0.404777
-0.164883 -0.996372
0.051985 -0.750293
1.597287 -1.754295
0.188101 -0.582944
0.475475 0.467361
1.187095 0.249654
-1.389741 1.002314
-2.219929 -0.010429
0.933567 -1.587906
-0.576134 0.252686
-1.679001 -0.565239
-0.776659 0.904437
1.003653 -0.981620
0.058230 2.600602
0.012255 -0.092390
-0.778046 -1.277816
0.331120 -1.761953
-1.049766 -0.629640
-0.101418 0.810414
0.327664 -1.734401
0.032229 0.641581
-0.563458 0.826583
-0.684418 0.027772
-0.822208 0.278027
-0.360300 0.204708
0.106880 -1.895461
0.326283 1.664035
-0.253476 -0.299102
0.907863 -1.769831
-1.101699 -0.756346
-0.379134 2.121483
0.997015 0.384384
0.864645 -0.776486
1.119851 -0.181293
0.122635 -0.084730
-0.206336 0.892959
2.003989 0.955855
0.673530 -1.853426
-0.202796 -0.682020
-0.740674 -0.089410
-0.209722 -0.850188
0.120789 -0.151226
-0.079770 1.393300
1.951461 -0.547721
-0.586494 0.516524
-0.928523 0.316360
-0.484224 0.719202
0.727915 -2.164621
1.505928 -0.368340
0.092745 -1.380819
0.166284 -0.955295
1.059698 -0.859892
-0.156346 1.949929
0.320086 -1.350367
1.177194 -0.954859
0.238873 -0.077040
-1.627224 2.396972
0.743367 -0.603205
-0.920798 -1.013455
-1.214504 0.243162
-0.220345 0.137093
1.463090 0.034795
-0.269383 1.313066
0.510227 1.830345
-0.286670 0.412502
-1.422732 0.614908
0.457817 -1.268151
-0.173552 0.342932
1.669148 -1.637523
-0.575581 1.233866
0.460689 -0.947204
1.066853 1.203790
-0.086314 0.113655
-0.694527 -1.482905
0.607892 2.201908
-1.032967 0.121882
0.963745 1.662500
1.783965 1.708365
-0.134811 0.335366
-0.041396 -1.298100
0.367285 -2.171613
0.940866 1.204248
0.709454 -1.880082
-2.409333 0.454574
-0.928939 0.902814
2.155405 1.340177
0.383520 0.673440
-0.320845 -0.305073
0.768203 1.594995
-0.215901 -0.643458
0.067041 -1.665944
-1.287704 0.348802
-0.782391 1.711341
-0.084748 0.195903
-0.171663 -0.062373
0.738430 0.206188
-1.252329 0.952303
-0.613588 -1.600431
-0.916739 -0.064003
-0.423729 0.450842
-0.916946 -1.057914
-0.294526 0.124489
-2.535250 -0.106284
1.043339 0.917623
-0.322622 -0.573004
0.320395 0.168663
0.692393 -0.176407
1.902786 0.211760
1.269948 -0.489610
0.050966 -1.915152
1.510387 0.465153
1.225364 -1.073555
0.063409 -1.378284
-0.896296 -0.206971
-0.555667 -0.177624
0.179018 0.980531
0.990222 -0.456100
-0.709698 0.845630
-0.356429 0.713434
-1.177341 0.166235
1.125389 0.591052
-1.482378 -1.129932
-0.920282 0.625587
1.387036 -0.587367
-0.739891 -0.077534
-0.132716 1.344141
-0.154126 -0.969416
0.316538 1.265969
0.264853 -0.598485
0.072732 -0.261494
-0.980399 0.244287
-1.906745 1.843899
1.834210 -0.647597
-2.798297 -0.307891
2.191933 0.134668
-0.213574 -1.492459
1.375391 0.592102
-0.124456 -0.691046
-1.081658 -0.621158
0.548214 0.711188
0.748822 -0.347525
-0.772726 1.363850
-0.643758 0.295994
0.243993 0.217431
1.061837 -0.443664
0.146977 1.510793
-0.194222 -0.512464
-2.011034 2.792028
0.061461 -0.474504
0.304116 1.404879
0.823980 -0.972108
1.683875 0.409128
-0.597247 -1.773236
-0.649889 -0.127915
0.936566 -0.746666
-0.169995 -1.647369
-1.670806 0.240486
1.494083 0.977355
0.876246 -0.500408
0.368122 -0.491836
2.495912 -2.086357
-0.220233 0.897978
-0.850045 -0.575224
0.261443 -0.763381
2.194980 -1.569993
-1.349686 0.697500
1.719084 0.993136
-0.038106 -0.591948
-1.589741 0.509857
0.537826 -2.230808
-0.639602 -0.769570
1.250352 -0.450375
0.333392 -0.427903
-0.860775 1.331277
0.168346 -0.267565
0.689812 -1.280004
0.903695 -1.262033
0.829203 0.204841
-0.618262 0.309215
-0.842406 -0.331755
0.087046 1.473348
0.118770 -1.276716
0.229477 -1.059100
-0.927309 1.990850
0.447247 1.399830
1.476715 -1.015681
0.602810 0.132580
0.311794 0.664559
0.461136 0.849037
-1.205881 -0.237109
0.050432 -0.801393
-1.788980 -1.474278
-0.241178 0.178985
0.050485 0.330393
-0.719445 0.974993
-0.839449 -0.607145
1.632604 1.148919
-2.417280 -0.268314
2.105662 -0.273255
-1.625596 0.898613
0.071581 0.720031
0.985696 -0.327319
0.616726 1.704236
1.786775 -0.043179
1.925367 -0.824055
0.142008 -1.215052
0.342952 0.461704
0.523141 -0.303162
-2.336864 -0.388208
0.016459 0.860398
-0.741689 0.292419
1.064914 0.401441
0.620581 1.492698
-1.212073 -1.115877
-1.437923 -0.937275
0.549925 -0.871811
0.063771 1.369003
-0.822415 -1.088542
0.431975 0.551373
0.344753 0.270658
1.186601 0.540497
0.285110 -0.625054
-1.162306 1.096716
-0.513018 -0.519079
-1.192767 -1.224578
0.058299 0.085506
-0.468817 -0.854369
0.108384 0.660851
-1.411390 -1.522629
-0.186856 -0.291560
-1.282607 0.418145
-2.175532 -0.479572
-0.461229 0.922320
-0.745536 0.705359
0.324641 -0.779599
-1.062065 1.009472
1.365388 -1.094548
0.688982 0.499223
-0.286374 -3.094455
0.219103 -1.595399
-0.977579 -0.013029
-0.454338 -0.702089
1.406999 -0.729000
-2.817747 -0.866300
1.005829 -0.283141
0.549338 -0.463328
-0.475072 1.963078
-0.615108 -0.549733
1.596916 -0.181441
0.176914 0.398325
2.165864 0.507361
0.908949 -1.412010
0.592023 0.711906
-0.611600 -1.547125
-1.973241 1.374259
-2.429706 -0.680695
-0.280626 0.345663
0.900846 0.887515
0.526513 -0.030119
-1.680590 -1.814441
1.760461 1.229833
0.442117 1.745438
-0.006961 -0.326249
-0.400509 0.536715
0.320688 0.330951
0.009400 -0.528487
-1.986082 -0.760242
-0.436567 -0.841307
1.214582 -0.424641
-0.682228 1.413367
-1.210185 0.174424
-0.591027 2.485970
0.569687 -1.441505
-0.852236 -0.415865
-0.979996 -0.436330
0.220055 2.331544
-0.731406 0.579557
0.494921 1.167638
-0.916588 0.934917
0.152172 0.262851
1.136333 0.597634
-0.665468 0.276627
0.280278 0.046423
0.132293 0.600543
0.403243 -0.511662
-0.951190 0.857672
1.407140 -0.383038
-1.154816 -0.035996
0.778877 -0.769709
-0.517237 -1.132512
-0.019726 1.046904
-0.185527 1.145656
-0.676809 -0.438392
1.099006 0.228049
-1.387477 -1.329955
-1.477408 -1.780396
-1.274446 -0.445982
0.037191 0.851053
0.495057 -0.014338
1.315585 -0.333572
0.466930 -1.019001
1.891184 -1.036686
0.004634 -0.695347
0.052415 -0.067300
0.392496 -0.042843
0.110720 -0.470314
-1.776845 -0.677416
0.957513 -1.873694
0.798217 -1.189255
-1.200379 -1.169756
0.419287 -0.570620
-1.524113 -0.080298
-0.238702 -0.563006
0.578170 -1.015236
1.780383 -0.877028
-1.630813 -0.638634
0.163964 0.403745
-0.846273 -0.945907
-0.170543 -0.310513
0.888852 1.271970
1.655802 -0.398274
0.633096 -0.612347
0.803445 -0.615959
0.401567 0.343599
-0.513798 -1.998610
-1.909773 0.158379
-0.152766 0.291246
-1.012911 -1.717957
1.564131 0.100313
-0.575567 -0.087129
1.051449 2.600529
0.548357 -1.181118
-0.096437 -0.724351
0.929204 -0.851680
-0.163729 0.072447
-0.779759 0.843484
0.603822 0.211758
-1.149050 -0.846606
-1.548006 -0.945921
-2.228464 -0.323806
1.218462 1.773909
0.354619 -0.894798
0.251332 1.411826
0.864402 1.349053
-0.461842 0.095973
-0.525606 1.923246
0.537175 0.190238
-0.361186 -1.183888
-0.968736 -0.775813
-0.240981 -0.498019
-1.006920 -1.759065
-1.896551 -2.019460
0.910934 -0.650768
-0.104549 1.653759
1.000148 -1.224007
-1.256660 -0.882014
-0.379480 -0.118583
-0.627776 0.273615
-0.593252 -0.518851
0.253863 0.719573
-1.343287 0.905623
0.123672 -1.019157
-0.045506 -0.149775
-1.243641 2.265373
-0.382512 0.282510
-0.635612 -1.701660
0.810863 -0.572261
0.229980 1.208444
-0.639633 -0.235466
0.492119 -1.159790
0.924247 -1.377026
1.313384 0.280160
-0.365629 -0.660004
0.678355 -0.832466
-0.611731 0.043298
0.379669 0.441190
-0.915501 -0.495815
0.097805 1.814999
0.111504 0.618791
1.990672 -0.303104
1.049822 0.607570
-0.012906 0.737487
-0.744277 -0.386624
-0.593234 -0.319813
-1.128959 0.174224
0.431347 -0.415771
-1.033163 -0.583340
-0.464182 -1.071312
-0.480146 -1.539891
0.075931 0.941345
-0.114148 -1.292857
-1.966623 0.002451
0.675782 0.905059
-0.474852 -0.678278
-0.581655 -0.436175
2.421884 1.192459
1.778877 0.560938
-0.492060 0.774633
0.813987 0.173306
-0.554783 1.642992
-1.829953 -0.269126
-0.381699 -2.317607
1.260843 0.141298
-2.575785 -1.053388
0.076001 0.834319
-0.853792 0.796071
0.820479 1.177489
1.125887 -0.298607
-0.634952 -1.330381
-0.680541 -0.515033
-0.060369 -1.595328
0.413672 1.557627
1.051308 0.643102
-0.636361 -0.425484
-0.296945 -0.045010
1.055786 1.303280
0.716059 -0.142437
-0.197291 1.031827
1.049526 0.024557
0.452187 -0.819028
-0.070491 0.666819
0.049180 -1.316339
-1.174687 0.433968
-1.276038 1.902339
0.444104 0.575900
-0.705024 0.989988
-0.567158 0.178903
0.577667 0.599595
-1.132047 0.831068
-0.317441 0.814408
0.181649 0.615868
0.935115 0.038753
-0.663720 0.049536
0.695759 0.744130
-0.411824 1.329742
0.553938 -1.326654
0.189822 0.561980
-1.304398 0.109686
0.204121 0.974535
-1.026141 -1.277920
1.880943 -0.942305
0.594777 -1.781129
-0.277120 0.118513
-0.149516 -1.263527
-1.084087 -0.686662
-0.427334 0.176774
0.574848 0.671635
1.167635 -0.288682
0.755040 1.254337
-2.032606 -0.196462
-1.270180 -0.542628
1.334517 -0.095870
0.500710 -0.805378
-0.875806 1.171307
0.797806 -0.053009
0.713060 -0.016137
0.637869 -1.725345
-0.879391 -0.168363
-0.732865 1.711171
0.440267 0.225762
-0.364295 -0.675205
-0.852536 -0.516693
-0.062813 0.232821
0.304261 2.090434
-0.216429 0.021631
-0.160802 0.285086
-1.357875 1.380785
1.462429 -0.072690
-0.908660 0.634647
0.168252 -0.683482
0.310868 0.690267
-0.280636 -0.972400
1.445289 -0.201383
0.057488 -0.930606
-1.733677 -1.456271
-0.586143 0.596262
0.420727 0.171448
0.648774 0.083939
-1.855167 -0.518968
0.843690 1.809061
-0.348339 0.519741
0.645388 0.709374
0.469411 1.537040
-0.163420 -0.143757
-1.304673 -0.105679
1.555872 -1.332308
0.648116 0.649640
0.011758 0.072389
1.183592 0.294314
-0.743333 0.776749
0.061646 -1.633199
0.536192 -0.015941
-2.093841 -1.244972
-0.872770 -1.357237
-0.375292 -0.716157
-0.748299 0.957964
1.085125 0.310409
0.796498 0.816330
-1.289636 0.560027
0.445374 -1.254737
0.284851 0.802501
-0.890294 0.671897
1.200962 0.403922
0.584422 0.990997
0.134361 -0.005878
0.762348 -0.535398
1.209701 0.715041
-0.972942 0.211346
-0.527349 0.089269
0.947174 0.511443
-1.246440 1.343644
-1.413346 0.542250
-0.422616 1.544063
0.322775 0.691410
-1.359671 1.667587
-1.352684 -2.260417
1.177300 -1.031845
-0.041355 -0.236911
1.521662 1.148614
-0.053228 0.180657
-0.003787 0.593897
-0.372602 -0.112135
1.226621 -1.917596
-1.225078 0.253107
-0.707138 0.829573
-2.988987 -0.234611
0.333288 2.100196
-0.442850 1.989429
0.209092 0.672172
0.692384 -1.603467
0.949192 1.742854
-1.134814 0.333233
-0.763414 0.406658
1.711973 -0.883686
-0.245682 0.474343
-1.132140 -0.288098
-0.814544 -0.861685
1.027124 1.476465
1.091186 2.027576
0.924481 -1.492102
-0.165583 0.560407
0.446661 -0.623521
-0.131454 -2.384152
0.706557 -0.604562
-0.421531 1.536628
0.253531 0.939371
1.737869 -0.310147
-0.630317 -0.409308
0.479109 0.162470
-0.193649 -0.988106
-0.415626 -0.810050
1.208507 -0.170517
-0.145521 0.197131
0.331042 2.484670
1.472478 1.619088
-0.238499 -0.116720
-0.538284 -3.126124
-0.605675 -0.672817
-0.409005 0.811652
-0.342574 0.224893
-1.085322 0.065949
0.442549 1.211295
0.308337 -2.359158
-1.597386 -2.142340
-1.213702 0.591385
-1.000472 0.120967
0.887909 0.043963
0.610371 -0.883522
0.632861 0.185903
0.572092 -0.243947
-0.182370 -0.422011
0.972910 -2.045039
-0.589112 0.001864
1.153046 0.517224
-0.246917 1.045706
0.892972 1.409655
0.311733 0.321585
-0.038596 0.437140
-1.231470 0.145543
-0.370141 0.493842
-1.176538 -0.952645
0.122104 1.714644
1.946972 1.270416
-0.789537 -0.192714
-0.034707 -2.312913
0.726866 0.478071
-0.519168 -1.484726
1.388695 -1.150008
0.674960 -0.575511
1.062615 0.053226
0.746526 -1.054030
-1.279635 -1.144075
1.759127 -0.664293
-2.090766 -0.889396
1.515286 -0.780321
-0.303320 -0.191879
1.616891 0.623725
-0.641265 -1.329805
-2.114976 -1.517371
-1.483239 -1.112706
1.142732 -0.838070
0.501593 0.970486
2.050082 -0.806678
0.070387 1.654329
-1.326697 -0.481470
1.605907 -0.308574
0.102555 0.113463
-0.641286 0.449917
0.708838 0.391218
0.600753 -0.452570
0.815790 -1.562935
-1.056729 0.753547
-0.989344 -1.361413
0.672241 0.837021
0.525336 0.419808
-0.042932 -1.248560
-0.352571 0.495882
-0.763114 1.880648
1.597894 1.110349
-1.249138 -0.000599
-1.341511 -0.708338
0.771241 0.749119
0.126900 0.242554
-0.130611 0.376301
1.053892 0.685371
-0.188271 -1.095911
0.700493 -1.463734
0.912699 -0.087069
-1.385298 -2.186382
-1.040456 -1.086396
0.794085 0.588250
0.663886 -1.283888
-1.182180 1.647273
-0.117125 0.435792
0.014904 -1.419560
-1.424973 0.605527
-1.174750 0.516577
-0.432626 1.557161
1.683560 -1.119368
-0.079956 1.712930
0.609701 -0.267200
0.360154 0.540838
-1.451624 0.501120
-0.577101 -1.566976
0.098164 -0.681776
0.163770 -0.615228
0.715110 -0.125217
0.236736 -0.270134
-1.163340 -0.475237
-1.826990 -0.710613
-0.741814 0.555610
1.076537 -0.115003
1.813071 0.143886
0.188881 -0.043673
0.698222 1.411424
-0.905085 1.075924
0.788651 -0.143869
0.786984 -0.151062
0.955803 1.320842
2.009278 0.493906
1.526688 0.814933
2.557797 -0.975432
1.038939 0.112599
1.029657 0.225218
1.054201 0.364943
0.102092 0.429235
-0.266413 0.118311
0.208905 1.588898
-0.846981 -0.667444
-0.347602 2.327127
-0.156118 -1.596817
0.972347 -1.074529
0.800336 -0.139192
-1.450576 -0.929747
-0.428962 2.076747
-0.496925 -1.142673
0.921476 0.449980
0.799851 0.244819
-1.264289 0.508008
-0.231310 -0.394560
-0.270825 0.913371
2.849707 0.168500
0.833644 1.388533
-0.586372 0.327820
2.041882 -1.219118
0.894804 0.099756
0.027252 0.305651
0.520165 1.163933
0.493012 0.430431
2.056678 1.564261
0.494374 0.366521
-0.726483 0.209249
-0.485293 -0.745217
-0.164755 -1.339458
-0.587443 0.829586
0.018474 0.591780
0.538621 0.971177
-1.416022 1.688553
0.315876 -0.965608
0.748209 -0.229012
0.749068 0.205293
-0.480405 -0.639678
0.069082 1.741593
1.232868 -1.246238
1.090306 -0.148086
0.007893 0.919797
0.171935 -1.236118
-0.362864 0.668864
0.429456 0.549025
-0.170917 1.270731
0.062109 -1.018095
-0.882909 0.519026
1.022418 -0.269068
-0.595269 0.986983
-0.169157 0.043495
-0.110705 0.094412
-1.852318 -0.035346
-0.039206 0.300649
0.009260 0.063789
-0.617241 -0.987948
-2.604568 -0.917058
-1.248251 0.657259
-1.560869 1.787630
-1.113196 0.432981
0.017897 0.724784
-0.319099 -0.248595
-0.499973 -0.344940
0.930211 -0.142549
-0.642343 0.813602
-0.655555 -1.036404
0.581972 1.006147
-0.721141 0.302856
0.268918 1.163289
-0.333229 -0.465458
-1.545383 -0.625434
-1.120490 0.604611
0.052190 0.558695
-0.722254 -1.513300
0.496252 -0.638192
1.358620 0.771054
2.916749 1.715014
-0.355934 0.701641
-0.275521 -0.645366
0.551105 -0.507660
-0.272169 0.071041
-0.095314 -0.411053
0.944347 -1.298185
1.262098 -0.245776
-1.524363 0.004531
0.222024 0.842509
-0.273507 -0.047811
0.492296 1.197713
0.808134 -1.626535
-0.295518 -2.004735
0.741655 0.768332
-0.225251 -0.696478
0.521086 1.259507
-0.483870 -0.991721
0.026600 -0.318343
0.007968 0.215485
0.136149 -0.972002
-1.015928 -0.221908
-0.748492 1.077039
0.600883 0.042588
0.529039 0.339016
1.135883 0.148956
-0.750897 1.769188
1.121212 1.562003
-0.805691 -0.131940
0.846282 -0.391572
0.753441 -0.136252
0.565345 -0.416623
-1.382618 0.097594
-0.605678 -0.280034
-0.510811 0.099219
-0.466824 0.830983
1.087477 3.750543
0.047757 -0.109787
-1.655634 1.221811
-0.011698 -0.323936
0.577125 0.573182
0.764160 -1.648423
0.485830 0.043434
-0.573182 -0.856639
0.909402 -0.258068
-0.687740 1.622114
1.104442 0.622887
-1.077327 0.440581
-0.171282 0.319513
-0.734713 -0.286093
-1.228960 1.658820
-1.342652 -0.607386
1.968552 1.001352
1.058854 -0.701672
-0.597078 -0.880248
-2.214909 -0.089877
1.043096 1.325640
1.500049 -0.067353
-1.173339 -1.230330
0.064249 0.225296
0.558444 0.622628
-2.805409 -0.972682
0.455975 0.181746
0.134360 1.367495
-1.033612 0.317561
0.957103 -1.082041
1.030195 -1.203181
-0.219941 -0.046101
1.091827 0.840376
1.083196 -2.505894
-0.033448 -0.061401
0.160320 -0.589068
1.570259 1.119061
-1.295009 -0.790644
1.397032 0.594445
-0.564411 0.151374
-1.823478 0.174132
2.772974 -0.295690
-1.319784 0.775167
-1.240619 1.499136
1.594015 0.140968
-0.808805 0.968990
-2.219682 2.591899
0.792537 -0.183252
-0.310777 0.163638
0.306313 0.982720
0.741757 -0.494618
-0.036495 2.463534
-0.412211 0.614022
-0.477749 1.363755
1.081004 1.191846
0.410563 3.006620
0.261569 -0.401750
-0.118051 -0.079424
-0.077367 -0.031380
0.643533 0.181554
-0.817840 -0.395204
-0.897339 -0.457211
0.274849 0.249696
0.057872 -2.800575
-1.386845 -0.606038
-0.527385 0.456624
-0.062040 -0.488901
-0.169483 -0.457752
-0.308861 -0.385552
-1.362702 0.002221
-1.489599 -0.525124
-1.061868 0.086832
-1.806484 0.673680
1.227907 0.260696
0.688553 -1.500378
-0.463492 -0.852400
0.556232 0.354939
-0.659490 -1.793867
-0.219045 0.690836
0.941296 -0.303582
-0.958961 0.156662
-1.432262 2.157525
-0.233710 0.138476
0.623398 0.337696
0.254030 0.411586
0.675184 1.689465
1.023929 -0.312546
-0.313885 0.372986
0.523880 -0.231988
-0.630853 -0.478381
-1.113668 0.670874
0.362279 -1.771918
1.387811 -0.531996
-1.521093 -0.596676
1.697856 -0.154418
0.074745 -1.152492
-1.192567 0.024586
-0.315039 -1.050646
1.032248 1.266757
-1.281463 -0.229329
-0.892248 0.129648
1.567658 0.433843
0.938879 -1.121543
0.637918 0.722027
-0.928261 1.063529
-0.035184 0.419616
-0.480683 0.060271
1.269561 0.650704
1.110138 -0.773311
-0.297692 -0.541774
1.172303 1.899396
-2.756711 -0.796306
-1.685394 1.444619
0.045966 -1.528809
1.876339 -0.058306
-0.246791 0.555222
-0.862904 -0.394952
-0.290678 0.250800
-0.099463 -0.457988
0.014236 0.800332
0.330521 0.869829
-0.339593 -0.357045
2.386517 0.893900
-1.361151 0.932549
0.458782 0.708511
0.466375 0.992550
-0.411691 -2.094294
0.367200 -0.761283
-0.736431 2.001968
-2.036044 0.800928
2.067007 -0.409106
1.170602 -1.153278
0.328740 -0.667429
0.469642 1.553782
0.734676 -0.866749
-0.373644 1.305945
-0.379343 1.914221
1.523736 -0.271329
1.286689 0.816201
0.284988 -1.540879
-0.374758 1.205152
0.354089 -0.255842
-2.011819 0.598732
-0.120559 1.308187
0.306653 -0.651327
-0.817451 0.985478
1.103009 -0.272929
0.455165 -1.563069
1.127881 0.242852
1.310846 1.424810
-1.023594 -0.325688
1.941215 0.351433
0.439463 -0.315992
0.186832 0.985833
-1.684124 0.782575
-1.260832 1.415815
-0.556620 1.226826
-0.560266 1.798063
0.272730 0.128293
-0.424337 -1.442253
0.463573 -0.328496
0.110596 -0.855128
0.078544 -0.450720
0.357972 -0.790403
-0.327858 0.236364
-1.659255 0.349782
1.286392 -0.567584
-0.484858 0.600280
-0.216591 -1.499184
2.789500 -0.753587
1.051875 -1.718250
-0.566821 0.046569
-0.428106 -0.404879
-1.404689 0.031924
0.509394 1.027732
0.432749 0.446769
0.870825 -0.404146
-0.275257 -0.159125
0.524763 0.546987
0.531551 -0.786401
-1.109754 -0.204536
0.165894 0.263555
1.271021 0.688829
-0.949811 1.344053
0.585711 -0.891361
-0.994913 0.500695
0.831649 -0.135290
-0.725260 -0.692794
1.045872 0.099774
-0.227783 1.448815
-0.207116 0.803101
-0.428777 -0.864874
-0.132450 -0.349072
-1.394063 1.527267
-0.665912 -0.721442
1.048373 -0.471479
-1.202309 0.556445
0.493863 -1.044279
0.372033 -0.111380
0.509412 2.564118
-0.164375 -1.794939
-0.297149 -0.038185
-1.079111 0.666525
-0.215715 0.148581
-0.063685 -0.299328
0.796570 0.370056
0.606827 -1.066031
-0.474925 -0.663110
-1.513705 1.460448
-0.310201 0.436999
0.835611 -2.099062
-0.961508 3.293651
-1.793661 -0.282088
-0.105473 -0.409951
-0.986972 0.441933
-0.496508 0.702311
-0.467144 1.417440
0.165584 -0.575196
-0.196503 -0.201899
-0.526343 -0.534199
-0.322031 0.465477
0.702499 -0.126483
0.478829 0.520458
-1.433501 -0.053489
-2.138119 -1.273520
-0.768497 0.514900
0.644614 0.438103
-0.761518 2.273923
-2.538747 -2.874034
-0.000733 -0.373180
-0.237074 0.755228
-0.235195 1.977832
0.529005 -0.842220
-1.096523 0.297920
0.539352 0.010033
0.211531 2.288123
0.804262 -0.366901
-0.083745 -0.674439
-0.840536 0.444022
1.307067 -1.733132
-0.814423 1.750246
0.725259 0.389642
0.740795 -1.529826
-0.407208 0.059249
1.152681 -0.059067
-2.024108 -0.203479
0.019210 0.248865
-0.511523 -0.947649
1.618494 0.622205
-1.382037 1.375493
0.306963 -0.568812
-0.794867 1.338152
1.181790 -0.780858
-0.000710 -0.870658
1.275540 -1.844852
-0.722834 0.187487
1.377222 -0.088856
-2.166957 -0.845237
0.180843 1.678385
-2.089014 -0.050282
0.039397 0.361735
0.032523 0.601390
0.349401 -0.514364
-1.061493 0.761559
0.458809 0.222090
0.886118 0.411037
-0.370886 1.141544
0.843787 1.985401
1.043075 0.884907
1.565030 1.006709
-1.761338 0.576834
-0.002720 1.260893
-1.500009 0.907531
-0.369797 -1.091013
-1.246357 0.179637
0.239141 1.255270
-2.780405 1.999627
0.739589 -1.709185
-0.369688 -0.348559
-1.165928 0.297411
-0.506364 0.372933
-0.198201 -0.943114
-0.994182 -0.116339
0.379203 1.270386
0.200295 -0.722806
-0.688940 0.127933
1.028407 2.422383
-0.361733 0.997504
0.357918 -0.853052
0.947613 0.005996
-0.776188 -0.638150
-0.092522 -0.086932
0.182582 -0.065173
0.478519 -2.358880
0.749010 -0.141392
0.727347 0.034755
0.607632 -0.131199
0.534768 0.768400
-0.416082 0.019842
1.181288 -0.293982
-0.131964 -0.099354
-0.053582 0.679714
0.628413 -0.370149
0.451680 -0.537460
0.706810 -1.544065
-0.456571 -0.489911
-1.052661 -0.678126
1.234883 -1.603262
-0.154703 -0.882258
-1.072629 1.613767
0.595974 2.184846
-0.648840 0.808042
1.424515 1.112628
0.269690 -0.293249
1.182114 1.357261
0.266233 0.635215
-1.573877 -1.142013
-1.592018 0.042290
-0.901815 0.629352
-0.944611 2.353806
-2.468221 0.566468
-1.638162 1.108540
-0.160479 0.637406
0.146574 1.166710
1.358667 -0.054480
-0.230673 0.288856
-1.048001 -0.350129
1.119008 -0.131055
-0.678354 -0.247359
1.178064 0.066258
-0.203177 1.631174
0.196887 -1.972786
0.001203 0.583427
1.319778 -1.672642
-0.465177 0.965121
0.304287 1.000479
0.319700 0.841838
0.317993 -0.976514
-1.205963 0.169333
0.636115 2.493238
-2.457163 1.207781
-0.490186 0.800898
0.392358 0.400434
-1.213917 -0.046228
-0.400008 0.099263
-1.323659 1.272684
-0.253386 -0.239455
-0.067044 -1.008300
-1.615267 0.843401
-0.184269 -0.434620
0.015840 2.522331
0.017856 0.427404
0.985534 -1.345020
0.534298 -0.188527
0.775752 -1.282061
-0.285544 0.170895
0.282627 0.199787
-1.470816 0.437111
0.738812 -0.164870
-0.226079 -1.011962
-0.778582 0.793543
-0.956624 0.413455
0.899249 -1.868914
-0.388206 1.076300
-0.461184 0.341024
2.280778 -0.235247
-0.816250 -1.490238
-0.160180 0.573554
-0.437945 -1.180055
-0.907489 -0.970766
1.611407 -0.503038
-0.597950 -0.544381
-2.269469 0.196537
-0.765882 -0.163602
3.433109 0.092186
-1.513275 -0.470653
0.008006 2.352311
-0.658505 2.252501
-0.733816 0.455391
0.457415 -1.028282
2.002221 -2.441756
-0.493305 0.343280
1.278682 -0.193942
-0.892870 0.941285
-0.895199 0.829878
-0.319507 1.055242
-0.796820 1.811345
0.027955 -2.003823
-0.509231 0.066928
1.073951 0.413336
1.131271 0.701893
1.253168 0.921281
-1.204886 0.368161
-0.083544 -0.676002
0.530503 -0.874472
0.233047 -1.073586
1.092738 -0.843416
-0.069590 1.906717
-0.309231 0.072157
-1.433412 -1.966928
2.495178 -0.314077
1.500699 0.437706
-0.099847 0.188158
1.406677 -0.937999
-1.015488 1.081713
1.397551 2.463902
0.631116 -0.130328
-0.682491 -0.691350
0.037043 -1.792584
0.405952 0.722463
-0.643456 0.214837
0.515814 -0.525423
1.698947 0.034211
-0.638873 -0.033659
-1.024910 1.708223
-1.424827 0.360253
1.291755 -0.302075
-0.802826 -0.872119
-0.205379 0.763582
-0.633612 1.255578
0.178897 -0.221701
-0.752929 -1.137032
-0.693447 2.212030
-1.085158 -0.219213
-0.689357 1.314861
-0.386433 -1.049884
-1.569621 -0.053746
0.771550 -0.505343
1.261705 0.750685
0.315091 -1.443527
-0.406712 -1.343256
-0.433809 1.696908
0.342269 1.343668
-0.728052 0.146493
-1.159350 0.640587
-1.629197 1.078948
0.623474 0.198838
1.035986 -0.151041
-1.413515 -1.785448
-0.731177 0.663625
0.049788 -1.346441
0.687499 0.208125
0.993767 1.842324
0.142961 -0.161623
-2.823369 0.900131
-1.605583 1.871188
-2.013550 -1.122667
0.094793 -0.490916
1.624836 0.062032
-0.861719 -0.853047
1.079452 -2.003932
-0.301529 -1.198611
-1.208884 0.349451
0.143003 1.583278
-0.729963 0.130633
0.705383 -0.512553
1.155955 0.211561
-0.591852 -0.585671
-1.509823 -0.159679
0.529282 -0.489436
0.853073 -1.983958
1.020168 2.172227
0.694137 -0.564583
-0.073574 -0.618704
0.393233 0.107285
0.271591 -0.542710
-0.672747 -0.183475
1.111352 -0.367862
3.097316 -0.107543
1.096406 3.167649
1.216907 1.884845
0.501132 -0.126246
-1.624945 -0.422806
-1.334810 0.178037
-0.105389 -0.012476
0.028879 1.437546
-0.072375 0.232745
0.788261 -1.476211
-0.907216 0.216467
0.540426 0.380471
-0.692290 0.396676
-0.681466 0.228835
-0.926451 0.053265
0.804789 -0.043561
2.078314 -0.112893
-0.551094 2.786502
2.667805 -0.238508
-0.832964 -0.591815
0.587711 0.383005
-0.353367 0.748497
1.504269 0.598246
-1.252951 0.799356
-0.999232 0.480969
-1.488542 -0.534720
1.145631 0.216718
0.528317 -0.028799
-0.666941 -0.752401
-2.489431 -0.562298
-0.646294 -0.041636
0.353647 -0.410633
0.149144 0.300183
-1.274251 -0.545234
0.619103 0.754126
1.134291 0.017837
0.522802 -0.430414
-1.650729 -0.141359
1.415461 -0.659219
1.028575 -0.173811
1.065765 1.292633
-0.092860 0.967024
0.072695 0.692114
-0.618560 -1.315449
-0.084109 -0.065189
0.343693 -1.919983
-0.710947 1.075872
-0.007402 -0.323665
-0.684494 -1.644205
0.066020 -0.352423
-0.087048 -0.416586
-0.938589 -0.114215
-1.127649 -0.361179
1.113773 0.619452
0.752315 -1.467983
-0.522193 -1.541598
0.347316 -2.376655
-1.186991 -0.149064
-1.782094 -1.685409
-0.490046 -0.301904
-0.311974 -0.402080
-1.326384 -0.225051
-0.520971 -0.611173
1.574885 -0.208061
1.852644 0.820399
-0.616702 1.416615
-0.033851 -0.155437
-1.072947 -1.492042
0.818548 0.509606
-0.380238 -1.165004
-0.803329 1.161641
-0.605241 0.000406
1.097048 0.544864
-0.464730 -0.106376
-0.283259 -0.364062
-0.460515 1.579747
-0.724998 0.102933
0.114078 -0.479221
0.414024 -0.136427
1.184894 0.432710
-0.101931 1.201827
0.103376 0.493549
0.283010 0.078439
0.807119 0.292998
1.131629 -0.495674
-0.429244 -1.470378
0.506159 0.004659
-3.035908 0.955081
0.391432 1.061270
0.376225 0.889980
-0.136901 -0.233418
-0.733850 -0.180614
0.097531 0.850045
0.220802 1.234836
-0.113115 -1.653269
-1.054537 -1.080587
-0.707673 -0.795890
0.219750 0.519552
-0.245153 -0.017730
-0.227499 -0.070804
0.556152 -0.312397
0.709755 0.427279
0.643865 2.228579
0.133842 -0.665674
-0.243432 -0.651717
1.628099 0.010615
0.422277 -0.140405
0.173362 0.683865
-1.592252 0.593788
0.441066 0.601708
-1.722552 1.733570
-2.573424 0.006168
1.647096 -0.641552
-1.609278 -0.891205
0.960622 -1.509396
1.674559 1.207000
-0.544303 2.858576
-1.772704 0.100896
-0.295645 1.656149
0.852097 -0.850831
-1.430397 -0.332906
0.962194 1.642358
-0.660413 -1.146575
-1.451675 1.743934
1.119535 0.389725
-1.682421 -0.483191
0.666437 0.701360
-1.726969 -2.005640
-0.428201 0.579600
-0.837454 0.505358
-0.309454 -0.451913
0.605531 -0.997284
-0.196788 -0.324734
0.364863 2.040502
-0.723260 0.250611
-0.136740 0.923934
0.522836 0.355486
-1.240759 -0.174946
1.391462 -1.041148
0.318038 0.861264
-1.792507 1.135858
2.476328 0.609721
0.603838 1.344924
1.639316 2.514699
-1.830832 0.724260
-0.535122 0.682896
-1.825333 0.164777
0.660693 0.186259
0.199837 0.186578
0.082919 1.113161
0.180389 -0.266435
-0.926407 -1.788632
0.842932 1.109714
-2.145199 -0.995826
-1.603050 -1.628847
0.575053 0.278223
-0.190017 1.700736
1.534473 -0.862318
-0.761834 -0.733621
-0.129283 0.206929
0.288018 0.700341
-0.088777 -0.853898
0.171497 -1.252319
0.237423 0.373055
1.964712 1.544891
0.818339 1.210687
-1.644808 -0.111664
2.082136 -0.971652
0.587106 -0.587134
-0.857253 0.215174
-0.031371 -0.738997
-2.007761 -0.156431
0.241272 -1.032858
0.808003 0.842223
-0.705937 0.285229
-1.414190 -1.187905
1.093114 -0.125686
-0.788206 -0.147148
0.192661 -0.243884
0.441385 -2.235158
-0.949859 0.081891
0.053695 1.797362
-1.648470 1.351600
0.478751 0.165837
1.833411 -1.948105
0.699020 0.035820
2.056813 0.608475
0.458998 1.152364
-1.420359 -0.300275
-0.136518 1.221896
-1.482842 -0.304880
-1.660036 -0.694916
-2.174001 -1.913897
-0.677832 0.617820
2.660358 -0.164984
-0.366866 -0.574376
-0.780940 -0.149359
-1.018911 0.435284
-0.158170 0.262594
0.434819 1.606176
1.521984 1.591320
-0.412144 -0.849669
0.027771 0.347616
0.291747 -0.128391
-1.484391 0.182365
-1.077835 -0.711132
-0.196486 -0.710385
0.519186 -0.209136
