-0.286859 0.132829
0.122130 -2.242418
0.599162 0.668283
1.037743 0.235132
1.888843 1.627505
-2.030135 0.376987
-0.402834 -0.521864
1.512783 1.858645
0.326868 -2.245757
-0.964440 -0.748975
1.662263 0.847156
0.974106 0.491044
-0.803979 0.157924
0.543478 -0.471196
-0.186107 -0.614658
0.970598 2.064618
-0.298589 -0.800788
0.501247 1.136193
-0.827800 0.971127
2.061378 0.270724
1.115178 1.331623
-1.064391 0.440064
0.099439 -0.836901
-0.621621 0.713585
-2.404218 -1.685390
-0.202615 -0.760276
0.162378 -0.020597
-0.234449 0.790134
0.292715 -0.046467
-0.518365 0.670469
0.368831 -0.056231
-0.722412 0.189745
-1.269707 0.504539
-0.733097 1.293905
-0.785766 0.868174
-1.124039 0.650953
-0.982098 -2.485743
-1.609124 -1.508434
0.123384 0.803348
1.298200 1.551980
-0.718389 1.001828
0.097742 -0.706681
0.055835 0.015567
-1.509173 -1.415280
-1.387223 0.138648
-0.110733 -0.072179
0.758295 -1.839848
-1.218366 -1.025408
-0.021127 1.614263
1.667566 -0.723194
0.047232 0.442342
-1.162867 0.078050
-0.208060 -0.367552
-0.936698 -1.023438
1.562084 0.471906
0.048433 0.867822
-1.419521 -0.000408
-1.247566 -0.340499
-1.741561 0.098118
-1.291394 -0.696191
-0.232456 0.930067
-0.374234 -2.700016
1.170076 -1.054429
0.218467 0.442688
-0.290646 0.013413
0.058770 -1.773520
-0.461437 0.880543
1.150744 0.276325
0.027692 -0.781346
0.738550 0.692735
-0.893819 -0.250223
0.962544 -0.146559
-0.845703 2.415579
0.541856 -1.715208
0.518901 -0.941145
0.183547 2.090322
-0.694043 0.164619
0.548152 -0.281482
1.223642 1.506346
0.039336 0.279661
-0.407015 1.124392
-1.540103 -0.942716
-0.343038 1.154475
-0.645029 0.531354
-0.648650 0.372166
0.067170 -1.014596
-0.784950 2.020690
0.561925 1.208520
0.472508 -1.662938
-1.032434 1.410446
0.335382 -0.467233
0.589048 1.408460
1.030196 -1.233506
-1.557545 1.581396
0.580368 -1.225370
-1.595182 1.780925
-1.155326 -1.018673
-0.040579 0.955900
1.402803 0.654634
-0.852473 0.553337
0.754960 -0.565118
-0.036786 0.485671
0.162112 0.784461
0.143483 0.867568
0.533759 -2.246045
1.521209 0.381055
-0.489148 -0.444127
-0.158620 -0.060091
2.659066 2.445674
-0.610855 1.883829
-0.915943 0.396290
-0.074092 -0.499966
1.146036 1.191824
-0.677924 -0.636726
0.482872 -0.601469
-0.683042 0.071047
0.199738 1.219334
-0.615516 0.706850
-0.941312 0.481209
1.766620 0.057270
1.485414 -1.400245
-0.041942 -0.495649
-2.338744 0.210672
1.488561 0.051399
-0.976922 -1.400572
0.122086 -0.033007
0.321030 -1.601437
1.551340 -0.255728
-0.505646 0.890466
-2.411767 -1.045667
0.790532 1.114349
-2.296449 -0.571740
0.233782 0.790386
0.447170 -0.732665
-0.710275 0.782350
0.331536 -0.095389
-1.384908 0.450322
-1.207130 1.739840
1.624252 0.979088
-0.162310 -0.832427
-0.478794 -0.790431
-1.040540 -1.169800
0.688898 -0.287220
-0.521192 1.446739
-0.215854 0.005403
1.724172 0.121537
-0.120997 -0.756365
1.442961 0.262659
-1.460587 0.720017
-1.149502 0.118898
0.088021 -1.055840
0.228593 0.053687
-1.183601 -1.797874
0.262523 -0.745029
-0.537423 0.941376
-0.882973 0.491863
0.998513 1.048017
-0.869395 -1.143870
-0.091922 1.378458
-2.020459 0.691426
-0.588827 -1.065795
1.255507 -0.809992
-1.226951 -1.313009
0.752610 -0.305346
-0.108274 1.312468
1.095421 1.265543
-1.156984 -0.979446
-0.050493 -1.086202
-1.818613 0.686956
1.629041 0.825116
-0.902923 0.504566
-0.519377 0.660973
0.231600 -0.577586
-1.086463 1.629153
-1.124919 0.908709
-1.659049 -2.630693
-0.429216 -0.981311
0.141968 2.156963
0.682146 2.288492
0.284724 -1.251328
0.338745 -0.389839
-0.462435 -0.731401
0.428336 1.155182
1.781094 1.253927
-0.865377 -0.150589
0.598475 0.893512
0.499683 -1.040536
-0.235546 0.568561
-0.001488 0.226520
1.241056 0.970103
-0.009003 0.730687
-0.115768 -1.154378
1.188536 1.695973
0.336572 0.034715
1.037629 0.424463
-0.336765 -0.306832
0.410329 0.666254
1.502708 -0.480196
0.933893 0.440400
-1.054746 -1.612223
-1.399372 0.825163
0.911726 0.477722
-0.338227 1.120943
-0.245324 -0.183819
0.306734 -2.071191
-1.310700 1.958068
0.904307 0.252692
1.657584 -0.104073
-1.286600 0.257596
-0.073923 0.346466
0.618046 0.459680
0.902445 0.079460
0.799645 -0.828089
1.771153 -0.766101
1.702999 1.002663
-1.237120 -0.079460
-0.351123 0.289357
0.713945 -0.541930
0.718750 -0.646213
1.578951 0.748668
-0.317716 0.035143
-1.349744 -0.009447
0.000825 0.441437
-0.508026 2.576523
0.655900 -1.757518
0.489246 0.438347
-0.825668 -0.014488
1.104344 0.656773
-2.011512 0.135009
-2.182977 -1.047144
-0.749528 0.888927
-0.069363 0.471169
-0.209835 -0.024351
-0.150523 -0.538973
0.447806 -0.320170
0.365920 0.242384
-0.088947 0.987963
0.433737 0.144400
-0.908435 -1.041217
0.656376 -0.036917
0.883290 0.871555
-0.283676 -0.271602
-0.221335 -1.399063
-2.141719 0.357479
-0.110022 0.426956
0.785557 -1.097495
-0.087033 0.237016
0.999625 0.694338
-0.944268 -1.239418
-0.384349 -0.404879
2.117079 -0.676521
-1.078274 -0.573317
0.218566 -0.947961
-0.655846 0.003584
0.008521 0.646298
0.848685 0.192295
0.367589 0.558479
1.363168 -0.568340
-1.097413 -0.068585
-0.545534 0.732524
-0.521084 0.913569
0.385554 -1.552106
-0.654644 -0.507787
-0.711016 -1.139990
-1.905610 1.340223
1.061109 -2.344126
1.875601 -1.121791
1.113612 -0.262444
-0.411464 0.009588
-2.009748 1.854520
-0.526069 0.318557
0.231160 -0.276456
-1.950292 0.979153
0.088253 0.787849
0.089623 -0.083902
-1.355790 0.697364
-1.552381 0.445199
-1.242435 0.466593
0.091141 0.612988
1.168721 2.452992
0.153344 0.434653
-1.270660 0.352044
1.007635 -0.293685
0.127072 0.648064
-0.419973 -0.418465
-0.204595 2.076202
-0.011460 -0.197504
-0.153946 0.055601
0.116481 0.907471
-0.330604 -1.204262
0.919920 1.110093
1.222518 -0.605720
-0.205328 1.092014
1.414554 -1.105721
-1.328916 0.732617
-0.468725 0.368204
0.128373 0.625432
0.072865 -0.872020
-1.969373 -0.214775
0.963238 -1.376730
0.834529 1.841702
0.006538 -1.567730
0.586018 0.550722
-0.383031 1.272076
-1.024483 -1.409200
-0.939978 -0.631362
1.291404 -1.306411
-0.954666 -0.965574
0.405110 1.436206
-0.043923 0.879431
-0.474441 -2.148824
-1.029574 -0.568365
-1.566281 0.623778
1.908793 -0.195030
-0.732898 1.387542
0.313204 -0.296041
0.331344 -0.082258
-1.262955 0.268517
-0.228338 -1.303656
-0.291930 0.082269
-0.424959 -0.135842
0.567928 0.841609
0.311500 -0.102710
0.097521 -0.207650
-0.092734 0.052195
-0.468147 -0.982338
0.267858 -0.136317
-0.586579 -0.165911
-2.304511 -2.027223
-0.471097 0.355674
-0.991066 0.798072
1.883106 -1.770366
-0.577574 -0.129644
2.062727 1.050252
1.499366 0.001150
-1.171490 0.032693
-1.497175 -0.720295
-0.059226 -0.138580
-3.064264 -0.254714
-0.200303 0.324605
1.134152 -1.062162
-0.943204 1.590652
0.597891 0.739496
-0.485253 -0.467283
-0.248204 1.413891
-0.541591 1.296034
0.407280 -0.000156
3.446681 -1.280458
-0.038040 0.699684
-0.158515 1.380385
-0.376626 -0.900300
-2.100094 -0.226994
1.132359 1.392882
-0.883181 -0.056216
0.940110 -0.030837
-1.662367 -0.436630
-0.692893 1.139933
-0.962391 0.422314
-0.047411 -0.747680
-0.461634 -1.032165
-0.014573 -0.381239
2.129914 1.045153
-0.062468 -0.331178
-0.481055 -1.367308
-0.219426 1.957159
0.223509 -1.743949
0.408754 -1.322971
0.131379 0.193488
-2.106954 0.463184
1.566531 -0.143383
2.116652 1.625306
-0.063905 0.134894
-0.179135 0.412135
0.287216 1.308594
-0.410776 0.411506
1.076619 1.099624
0.543654 0.452148
0.523043 0.163390
-0.763256 0.524427
-0.200120 0.678253
-0.835464 0.106872
-1.210509 2.008821
-0.702777 -0.734652
-1.109355 -0.562026
-0.829039 -0.166151
-2.064961 0.004157
0.826200 -1.437910
0.971875 0.702499
0.531293 0.518037
3.228245 -1.041157
1.457970 -0.152075
0.788254 -0.705157
-0.048776 1.426481
-0.852181 -1.075141
0.913335 2.058516
-1.791723 0.833827
-0.789382 -0.522557
0.037134 -2.206703
0.084146 -1.942626
-2.158031 0.378516
1.476869 1.189508
-2.090669 0.372489
-1.470228 0.439085
0.961109 -1.674191
0.830944 -1.153879
1.357197 -0.534639
0.215645 -1.003627
-0.352429 0.203647
0.584963 -0.942911
-0.108099 0.391996
-1.840590 0.329754
-0.546922 1.140867
0.937776 0.574395
1.127663 -1.854005
0.562194 0.149336
0.993618 0.514334
-0.074546 -2.351763
-0.344214 0.457237
-2.161013 -0.281491
1.041695 0.038369
-0.764089 0.871715
-2.276950 -0.268220
-0.091359 0.580365
-0.418506 -2.082505
-0.318260 0.983417
-1.353661 0.322443
0.672600 -0.157151
-0.105829 -0.524008
0.214917 1.299495
-1.007118 0.412545
-1.003357 -0.964346
0.596654 0.766401
0.212643 -1.406067
-0.712719 -0.700961
0.902366 -0.978178
-0.767273 -0.873656
-0.579015 1.224637
1.152624 0.374914
0.131122 1.657276
-1.022521 2.404032
1.207094 -1.425757
-0.846068 -1.171797
-0.585371 -0.658596
0.672795 -0.459902
0.871692 0.251164
-0.953023 0.403683
1.238918 -0.686258
1.431047 -0.285518
-0.445769 1.186468
0.464570 -1.501585
-0.160141 -0.139787
-0.071717 0.587708
0.562362 0.767800
1.036970 -0.486095
-0.052553 -0.498049
-0.041765 0.722210
-1.355379 -0.236125
-1.691820 1.501541
-0.061008 -1.159028
-0.419994 -1.137029
-1.559220 1.595288
-0.011147 -0.241799
-0.984103 -1.140688
-0.402150 0.431682
0.151489 2.138861
-1.074230 0.598404
0.753474 1.111505
0.959144 -0.076673
1.565443 0.689273
-0.576134 -0.346161
0.661871 0.515123
0.705556 0.865508
0.714732 0.399852
0.200054 1.242158
0.251272 -0.504281
-0.624692 0.290863
0.183824 -0.430238
-0.606551 1.864460
0.040240 -0.901025
-0.415485 -1.270518
0.046461 1.154545
1.303960 0.547180
0.832505 1.525118
-1.764080 1.284679
0.918697 0.400937
-1.031964 0.156826
1.016624 -0.142647
0.730762 0.391696
2.075837 1.293464
0.196395 -2.616218
-0.570271 -1.746109
1.287515 -0.067461
0.019235 -0.803954
1.552564 0.882698
-0.763931 -0.225120
0.646564 -0.969322
0.277976 -1.563233
-0.277134 0.456527
-0.410566 -0.386951
-0.603105 -0.816018
0.927240 -0.476373
0.587949 0.369806
-0.059613 1.499247
-0.115810 -0.614624
0.680631 -0.514999
-2.013890 -1.861205
-0.478248 0.088050
0.301570 -1.381584
-0.647360 0.791481
0.401386 0.271000
-0.734971 -0.230444
0.160370 0.749170
1.162153 0.634449
0.841821 -0.812670
-0.023509 -0.948350
-0.745787 0.492875
0.418504 1.308138
0.124704 -0.043116
0.710491 0.734355
0.012644 1.067763
-0.957839 -1.072262
-1.487204 0.497498
-1.646139 -0.202237
-0.016245 -0.862148
-0.315884 -0.170215
-0.694463 0.711618
-0.472681 -0.311474
0.044102 -0.475065
0.750615 1.306363
-0.751703 0.964989
0.573085 0.271731
0.084249 -0.079847
0.093178 0.893723
-1.047412 -0.769863
0.125140 0.049269
-0.489043 0.496531
0.495531 1.895121
1.314965 -0.555063
-1.221155 -0.064336
-0.535475 0.737152
0.635828 0.789819
1.301676 -0.118134
0.497634 -2.081606
0.512519 -0.110560
0.343274 -0.537782
-0.954306 0.182895
-0.885212 0.664339
0.423398 -1.278516
0.776980 0.975837
-0.096721 -0.108694
0.909500 -2.690931
-0.653288 1.017637
-0.401318 0.949593
0.399303 -1.279323
-0.683072 0.622596
-0.705095 -0.475364
-0.583954 -0.233731
2.374818 0.467663
-1.261011 -0.176569
0.353658 -0.644064
-0.859840 -1.860896
1.189540 -0.360855
0.205727 -0.497259
-0.433321 0.175467
0.855712 -1.535274
-0.922480 -1.487915
-1.682032 1.490549
0.568131 -0.294777
-0.875535 0.489702
0.316785 -1.597737
-0.451963 0.498018
1.403994 0.112505
1.155667 1.173589
-0.342779 -0.410827
-0.757947 0.153264
0.524022 -0.400307
0.500144 0.168108
-1.773015 -0.807403
-0.317125 -0.691900
-0.819525 -0.527273
0.689119 -0.086473
-0.726556 1.345403
0.871636 0.815055
-1.937129 0.930585
0.198049 -1.110047
-0.672578 -1.120502
0.612453 -0.116100
-0.651021 -1.161994
0.217033 -0.132877
0.464435 -0.082517
-0.656595 -0.350566
0.116712 1.371408
1.791315 1.229533
0.904548 0.736011
-1.362764 -1.946571
-0.417880 -0.254030
1.209432 0.433017
-0.773982 1.861172
-0.995474 -0.724655
-0.231424 -0.614532
-1.912308 0.961460
-0.104350 2.586873
1.083684 -0.141265
0.460243 0.698666
0.200991 -1.306976
0.110269 0.613288
1.629488 0.966549
-2.257277 0.676496
-0.121993 -1.692469
-2.563659 1.845985
-0.595018 -0.874321
-0.446682 1.877226
-0.183221 0.563199
-0.791179 1.637476
-0.611272 -1.890053
0.927216 0.540894
0.543282 1.113219
-0.377722 0.275961
-0.814904 0.185051
-1.244431 -0.961070
-0.699865 0.997242
-0.075109 -0.063930
-1.102398 -0.031823
-0.466480 -1.019824
-0.764561 -1.807160
-0.219638 0.666870
0.213982 -0.159215
2.149031 1.244822
-0.106510 -2.349499
0.751844 0.511403
-0.997350 -0.511546
-1.944816 -0.031515
-1.282427 -1.378721
1.202495 -0.262539
0.066555 -0.399572
-0.695032 -1.233882
1.250676 0.398866
-1.077304 0.795978
-0.940883 -1.031977
-0.778739 -0.466674
-2.038098 1.013468
-0.323733 -0.925818
0.434835 -0.440056
1.193790 -0.876220
0.373868 0.956192
-1.163647 0.804139
-0.536575 -0.876313
-0.839063 0.796594
0.970517 1.594263
0.335441 -0.412940
-0.746778 -0.226618
-1.536358 -0.364095
0.309878 0.165334
0.550666 -0.604096
-2.306181 -0.683448
-0.803249 0.936490
0.119202 0.861839
-0.284013 -0.013216
-0.573607 0.737235
0.118205 0.290110
0.164043 1.525211
0.647969 0.209254
-0.830517 -1.754831
-0.347229 -0.690707
0.533246 -0.235035
0.535435 0.042906
-0.374537 -0.939530
0.972670 -0.452545
-1.766891 1.063914
-0.885506 1.466301
-0.408338 -0.311872
-0.125873 -2.047172
1.591227 1.949673
-0.177554 -0.402153
-0.490855 0.377435
0.143097 -0.059951
0.073541 1.157991
1.513631 -1.690203
-0.173531 -0.175513
1.649822 -1.432615
0.250044 -0.222651
-0.380921 0.297933
-0.443447 0.326071
0.446607 0.326880
0.514387 -1.142759
0.233210 0.339520
-2.363871 0.833838
0.292582 -0.042313
0.978056 -0.020446
0.461388 1.686358
-0.435691 0.785408
-0.459073 -0.736357
-0.307291 0.356739
-0.596331 -2.901070
0.167877 -0.826742
0.236062 0.052346
-0.082131 -0.914224
2.727637 0.013599
0.415696 0.580530
0.039454 -0.072741
0.274581 -0.492196
-0.408989 -1.283905
0.901378 -0.035451
0.818235 -0.941654
-1.302820 0.855991
1.303741 0.842528
0.228779 -1.362212
-1.070152 0.680715
-1.035517 -0.235358
-2.422793 0.000232
-0.111909 -0.428826
-0.149104 -0.304264
1.078228 -0.055873
1.943796 -2.332856
-0.339200 -1.108774
-0.268299 0.126177
0.172476 -0.963508
-0.205170 0.174093
-0.703998 0.232502
-0.283977 -1.590785
0.155351 -1.423848
-1.255104 1.186553
-1.477623 -1.592856
0.045821 -0.611969
-2.460377 0.449076
0.980887 1.185976
-0.020338 2.396835
0.643635 -0.458134
0.870417 -0.366038
1.643788 0.350969
1.668710 1.092958
-0.005492 -0.518378
0.105626 -1.224476
-0.608259 -0.933651
-0.478918 1.601643
-1.497608 1.031109
-0.008675 1.182748
0.489554 0.651210
0.565940 0.279595
0.520757 -0.976145
-0.857145 -1.462086
-0.920893 -0.635341
-1.110296 -0.226951
-0.803141 1.569013
-1.022732 -1.175857
-0.544321 -0.454029
-0.615012 -0.737965
1.359005 2.147161
-0.524063 -1.005203
0.816091 -0.076906
-0.091163 0.282802
-0.512344 1.792024
0.259626 -0.595913
-1.919203 -0.022266
-1.102467 -0.460020
0.000180 1.248924
-0.964482 0.746343
1.199450 -1.492872
0.979461 -0.270254
1.078485 0.767346
1.375288 -0.574942
-0.334602 -1.467286
0.487158 -0.175685
-0.410116 -0.202955
0.691261 1.353321
0.540093 -0.546998
-0.972400 -0.033670
-0.526654 1.379216
0.215841 0.630624
-0.904979 -0.502531
0.188359 -0.288578
0.304821 0.959127
-0.240314 -1.174806
1.552059 -0.551999
0.286889 1.219693
0.910636 -0.645294
-0.330865 0.068490
-1.684079 0.020184
0.707574 -0.579129
-2.113205 1.062974
-0.151954 -0.704247
0.724795 -0.861435
0.026792 0.490200
0.273502 -0.221238
1.201765 -0.697044
-0.811955 -0.281518
0.375161 -0.167682
-1.447420 1.269818
-1.315255 0.226797
0.915077 -0.566299
-0.207658 1.787167
0.393124 -0.133816
-0.486662 -0.567389
0.651104 0.859224
-0.560075 -0.681825
-0.602766 -1.475724
-1.677566 -0.290266
-0.949305 -0.087531
1.168413 1.038805
1.319012 0.193337
-0.073422 0.529721
-0.451115 -0.421427
1.474896 1.783971
1.211769 0.300827
-0.130685 0.677840
0.666708 -1.057849
-0.432443 0.449462
2.342173 -0.303033
-0.456003 -0.527332
0.224672 -0.220500
-0.721721 -0.856948
0.786723 -0.930321
-0.924185 -0.858069
-1.468560 0.659263
1.539835 0.179443
0.357437 1.444836
-0.110615 0.161537
0.076792 0.005694
0.317492 0.099046
3.062728 -1.491245
-1.024320 -0.276827
0.059935 -0.090341
1.597368 0.567079
-0.131683 0.956812
-1.160301 0.480238
0.689538 -0.301242
-0.601521 -0.502916
0.803914 -0.108874
0.222441 -1.029487
0.037519 1.507701
1.183172 1.123070
-1.291938 0.026883
0.564113 -0.000649
0.537505 -0.024651
-2.920607 -0.439829
-0.758413 1.031938
-1.954253 0.763135
0.476481 0.219580
1.152898 1.186602
-0.887493 -0.950471
0.272607 -0.974316
-0.245738 -0.176874
-0.782157 -0.334496
-1.350469 -1.015129
-1.577637 -1.073770
-1.151409 -1.023490
0.893199 -0.890506
-0.939288 0.301444
2.049770 -1.962905
0.470655 -0.595552
-0.209074 -0.928314
0.682293 0.795007
1.743092 -0.681254
-0.444173 -1.188445
-0.412570 -0.936401
-1.002943 0.801316
0.089812 1.247669
0.751974 1.618067
0.181889 -0.758913
0.623297 -1.155517
-1.549512 1.017223
0.131274 1.323050
2.588715 0.247959
0.181236 0.360255
-1.100208 0.732573
0.872897 -0.421087
2.091956 0.677789
-0.839468 -1.114221
0.090530 -0.380948
0.697480 -0.358502
0.417715 0.297447
-0.627962 0.310162
0.755339 0.470253
0.659797 0.083437
1.300481 -1.797160
-0.135308 0.638972
-0.036145 0.045315
0.550131 -1.066904
-2.058974 -0.751692
-0.373878 1.008610
0.339594 -1.311071
-1.876175 -0.819013
0.071958 1.086922
0.040822 -0.280469
-0.341853 -0.014463
1.342677 0.019569
0.933123 0.156577
0.515962 0.569744
-1.449325 0.567562
-0.828345 0.055597
-0.417307 -0.311186
1.551316 1.523091
-0.875404 1.042262
1.674879 2.165910
0.266709 -0.965353
0.475669 0.023460
0.808057 0.088830
0.630493 0.933165
-0.326451 2.066065
0.931981 -0.385634
-1.486571 0.979171
0.224994 0.657365
-1.251545 0.854638
-0.685206 0.264699
0.322156 0.609208
1.109324 -0.054073
0.885164 1.773035
1.944014 0.478259
0.798100 0.731795
1.839429 -0.242293
-0.409567 1.158436
1.274679 -0.189836
0.694965 -0.876965
0.506515 0.461049
-0.667480 0.319080
0.652855 0.444804
-1.897482 -1.012625
0.211282 -0.514311
-1.575957 0.500441
0.507984 -1.183274
2.877296 -1.055763
1.037508 -0.241571
0.603722 -0.052808
0.004977 0.351930
1.799885 1.445694
0.450349 0.580997
1.145701 -0.388273
-0.502534 0.198798
0.832925 -1.033028
0.955643 -0.674713
-0.048055 1.359589
-0.040367 -0.347408
1.013453 -0.846825
0.708943 1.484312
-0.428063 -0.723164
0.030422 1.151476
0.575499 1.617397
0.554724 -0.594889
-0.100769 -0.659051
-0.885132 -0.015871
-0.315791 -0.202919
-1.678272 0.085838
0.965327 -1.101938
1.707867 2.606725
-0.894622 1.187426
0.388242 -0.021836
-0.524431 -0.332880
0.156501 -0.180876
1.424368 -0.067239
-0.820885 -1.352841
0.295566 -0.563886
-0.027306 0.438603
1.207586 1.645420
0.279052 1.009273
-0.456736 0.477635
0.774324 0.465543
-0.847864 -0.700902
0.622080 -0.453664
-0.896205 0.143764
-0.492696 0.272111
-0.867360 0.260488
0.192496 -0.145246
-0.713030 -0.224766
0.776227 0.194599
-0.479945 1.008588
-0.257763 -0.406821
0.911933 -0.008744
0.749786 -0.458262
0.253194 -0.662118
-1.378458 -0.044290
0.497492 1.056141
0.519211 -1.278508
0.807315 -0.059086
-0.470674 2.471891
-0.290192 0.034748
1.054554 0.324549
1.698713 0.600857
0.909972 1.528256
-0.640604 -0.118449
-0.859327 1.397996
0.266056 0.164016
-0.720925 -0.502087
-1.772418 -0.256846
0.625137 -2.355689
0.850201 -0.237397
-1.127028 2.271109
-0.449839 -1.129684
1.208605 0.179759
-0.434468 0.780732
-0.935830 -0.478407
0.621584 -0.686111
-1.096188 0.861104
0.979341 -1.794115
-0.380294 0.411214
0.287030 1.131346
-0.472941 0.504171
-0.654866 2.576007
0.376392 -0.172581
1.500315 0.231386
1.348498 0.120038
0.434083 0.688748
-0.038175 2.181500
-0.335992 -1.775682
-0.658910 -0.471009
2.801570 0.414489
0.075770 -1.286671
1.844656 -1.378041
-0.356398 0.537540
0.220969 2.516500
0.496681 0.446556
-1.512835 -0.522251
-0.152152 0.869667
-0.302392 -0.979719
0.644783 0.934867
-0.582798 0.377975
0.196425 1.631784
0.186914 -1.782856
0.651090 -0.380318
-1.747401 1.805052
2.153875 -0.781894
0.072258 0.682915
0.736191 -1.200508
0.924064 0.861427
-0.463162 1.163141
-0.307956 -0.021916
1.003019 0.296518
0.369043 -1.189587
-0.127843 -1.248266
0.395567 -0.353184
0.488161 -2.211972
1.005794 -1.187530
-1.086103 -1.053131
0.496676 -0.345980
0.481436 -0.104338
1.509340 0.271454
0.954591 -0.001647
1.107024 -0.713297
0.394447 -0.571438
-0.239028 0.292014
0.114098 2.245559
-0.742575 -1.435051
0.632596 -1.229726
-1.528813 0.310972
0.620203 -0.232847
0.544493 1.045612
-0.464518 0.461610
0.762643 -1.014475
1.065375 -0.762644
-0.791089 0.102275
2.489778 1.538829
-1.085417 1.468599
0.090009 0.898391
0.142747 -0.746954
0.466052 -0.618464
-0.163185 -1.063175
-0.747661 -0.666139
-0.640304 -0.098311
1.288950 1.936401
-0.249162 0.274023
-0.685567 -0.832641
-0.407194 -1.059052
-1.002244 -0.063216
0.540028 0.574694
-0.386248 0.973789
0.522755 1.238591
1.520383 -0.016618
-0.155625 0.678240
-0.616455 -0.837771
-1.726587 2.148542
0.297085 -0.083629
-1.214789 -0.992908
-1.940484 0.753472
-0.420466 -0.530474
0.254523 -1.995033
-1.136650 -0.636320
0.678949 0.450483
-0.724967 1.150043
0.957536 -2.788909
-0.171419 -1.059829
-0.253795 -0.250952
-0.683899 0.018036
-0.912898 0.337056
1.982688 0.755675
0.049619 -0.290666
0.434808 -0.190752
-0.154791 0.656107
-0.074141 -0.158142
-0.028814 0.583647
-0.441511 0.348060
-0.696363 0.329939
-0.766344 0.117212
1.054519 0.761313
0.077415 -0.236499
1.370086 -1.008045
1.582885 -0.537448
0.372849 0.507013
-0.926910 -1.477289
0.378599 1.245667
1.069786 2.086477
-0.477441 -1.039570
-1.141674 -0.654750
1.550187 0.057099
1.044878 -0.846205
1.192613 1.401553
2.418676 -1.341565
0.734333 -0.351989
-0.245168 -0.739610
3.731070 -0.266598
-1.135459 -0.276918
-2.001777 0.301065
-2.442029 1.938086
-0.148354 -0.840363
-0.278505 -1.277682
0.436432 0.262166
-1.073749 0.554899
1.865829 -0.507897
1.256612 1.939808
-0.670629 1.829581
-1.710314 0.249186
-0.351366 -0.793361
0.473692 0.612566
0.936352 0.623081
0.772710 1.634715
-0.339724 -0.323273
0.265498 -0.851201
0.082871 1.771726
0.231815 -0.100693
-0.434179 -1.773263
-1.071390 0.158616
0.652204 -0.287468
1.579563 -1.559174
-0.051830 -0.451353
-0.241276 0.790848
-0.733581 0.459935
2.633947 -0.835569
2.363894 0.442013
0.095252 -0.542906
0.285765 -1.493768
0.474778 0.493747
-0.602687 0.507040
-0.862175 -0.687223
0.870879 -0.361133
-0.263016 -1.892268
2.201199 0.243689
-1.846436 -0.474016
-0.766795 -0.709478
0.855474 -0.790463
-0.150168 -0.240769
-0.841693 0.491112
-0.382737 -0.197608
1.225363 1.015543
1.042732 -1.632877
-0.320262 0.905845
0.399580 -0.391408
2.040418 0.465609
0.347235 1.536953
0.143988 -0.994623
-0.809562 1.437206
0.284654 1.101576
1.352875 0.641155
-0.381970 1.749117
1.292204 0.369914
1.419914 0.688665
0.799797 -0.347405
-0.272963 -1.167009
1.039508 0.634789
1.336284 0.268476
-0.030394 0.072460
0.818236 -0.033595
-0.328493 0.961868
-0.419932 -0.826622
-1.120655 -0.389513
0.585926 -0.519726
0.159547 1.105093
0.376078 0.265955
1.623584 -2.843313
1.747692 -1.891611
1.662322 2.153936
-0.336488 0.400781
-0.145715 1.030945
0.659520 1.187556
-0.068467 0.853910
0.817146 0.409369
0.333434 0.659637
1.468196 -1.128273
0.945871 0.045742
0.530843 0.387908
-0.989593 0.817746
-0.650705 1.573234
-0.944419 0.259708
-1.982392 1.599491
0.411031 -1.340359
0.128748 1.280107
0.409074 -0.347313
0.930326 -0.343186
1.345487 -0.683441
-0.552071 -0.159013
-1.077017 0.341549
1.150180 -1.118905
-0.277230 -0.656681
0.646160 -0.987889
0.770204 -0.125446
-0.302886 -0.399622
0.070937 1.417570
0.173568 0.645555
1.173426 -1.014999
-0.703319 0.728198
0.582639 -0.038713
0.835878 0.625688
-0.356983 2.925413
-0.206163 0.702705
-0.362676 -0.720401
-0.569281 0.523898
0.980777 0.203516
-0.931770 1.092250
-0.741587 -0.853940
-1.032079 0.368515
0.335040 1.503071
1.986798 -0.925770
0.488298 0.740017
-1.115500 -0.033057
-2.229843 1.404610
-1.594226 -1.166607
0.214009 -0.048188
2.449461 -0.363834
-0.737230 1.615836
0.549322 1.049474
0.382133 -0.621006
1.377888 0.031711
-1.553180 0.873418
-0.046808 -0.413917
-0.519238 0.750529
0.798401 0.574314
0.202871 -1.317523
0.641443 -0.887497
-0.086583 -0.385473
0.256277 -0.149302
0.394608 -0.110837
1.746171 -0.960681
0.439961 -1.102723
0.390350 0.479031
0.484761 0.325536
-0.385797 -0.342935
-0.040356 1.029871
-1.172838 -0.115632
1.555053 0.520028
-0.500014 0.096227
-0.118738 -0.214919
1.352933 -0.182171
-0.099822 -0.698511
-1.382744 -0.791243
0.606290 0.098391
0.188689 -0.078033
-0.790015 0.087844
-0.275214 0.080586
0.986678 1.269897
-0.800445 -1.296625
-0.083023 -0.203819
0.472710 -0.179856
-0.428384 1.137544
0.590846 -1.693357
-1.173291 0.794619
-1.241368 1.945988
1.322599 -0.081513
0.202726 0.052106
0.287234 0.620235
-1.475438 -0.939309
-0.193004 -1.644539
0.218882 -0.318007
0.499965 -0.069761
-0.369842 -0.306813
1.069508 0.976886
-1.155079 1.008264
0.254047 1.500329
0.030338 -1.366623
0.400088 -0.296262
-2.786127 -0.610251
0.720290 -0.067181
-1.330765 1.099672
0.354236 2.084735
0.514168 0.067727
-0.173665 1.190770
-1.374099 -1.189270
1.718762 0.056378
-0.352802 -1.062948
-1.232063 0.285004
1.848689 0.918619
-0.363666 0.230542
2.606706 -1.016476
1.038898 -1.385822
1.624068 -0.740139
-1.311582 0.262075
0.274800 0.414039
-0.655471 1.236933
0.156747 -0.055004
0.608551 -1.399725
-0.119370 0.047301
0.507879 0.963543
-0.146020 -0.288393
-0.355224 -0.119132
-0.189532 0.316857
1.882516 -0.093932
0.297738 -0.722008
0.156210 1.535412
-0.201047 -2.359702
0.052552 -0.800783
-1.996266 -2.434018
0.639707 -0.050397
1.607002 -1.159242
0.769025 -0.000000
-0.340113 -0.309643
-0.046257 -1.254210
-0.762894 -0.535236
1.275824 0.708300
1.748769 0.956875
-0.658568 -0.515906
-0.638115 0.624227
-0.792106 -1.033105
0.679577 0.351444
-1.313532 2.300844
1.230227 -0.287687
0.611811 1.012435
-0.604943 1.199338
2.790917 -0.785065
0.186574 -1.105715
-1.753330 -1.297027
-0.358842 1.269848
-2.060863 -0.245169
-0.953984 -0.481244
0.072373 0.527736
-1.299188 0.805559
2.329002 -1.009517
0.141491 0.840502
-1.562329 -0.399484
-1.918352 1.485650
0.756842 -0.091436
-0.820329 -0.547352
-0.188156 0.484644
-0.112987 -0.426260
-1.860137 1.217573
-1.551248 -0.817561
0.115809 -1.558734
0.273758 0.358827
1.122565 2.372498
0.053892 0.518841
0.505139 -0.482249
-0.366203 -0.088567
0.535341 -0.879781
1.329488 0.514908
0.571600 -1.221965
-1.072642 -0.602650
1.605276 -0.155625
-1.005774 0.941752
-0.572114 0.089526
0.123256 -0.371474
1.376865 -0.931144
0.546133 -0.540740
0.316054 0.395385
-0.682754 -0.702579
-0.646126 2.069419
0.414097 2.076020
-0.612611 1.184449
-1.115733 -0.873692
1.213587 1.492798
0.740055 -1.061637
-0.975582 -1.587126
-0.112858 -0.811953
-0.442160 -0.955493
2.037705 -2.538184
2.339088 -0.409580
0.537071 -0.447894
-0.440998 -0.125648
2.181129 0.375458
-2.403857 1.011170
-0.766284 0.143816
1.423406 -0.206131
1.702557 -0.496581
0.635839 -0.489015
0.465620 0.133484
0.213099 0.801158
-1.130023 1.966244
-0.162345 0.984551
0.338035 1.283733
0.650554 -0.264667
-1.134964 1.749447
0.399365 0.490670
-0.805773 -0.225908
1.005070 -0.323725
0.491949 0.859231
-0.682901 0.750172
-0.535476 -1.370679
1.678892 -2.294981
-0.678181 -0.912462
1.349813 -0.492057
-0.807629 -0.344474
1.289122 -0.599778
0.513822 0.145386
1.147252 -0.829266
-0.913578 -1.942843
1.030750 1.551084
0.661751 -0.316575
-1.363683 1.774352
-0.469112 -0.409327
-0.051578 0.257420
0.489719 2.087401
-0.839097 -2.140599
-1.159499 -0.677738
1.103548 0.640076
-0.147831 0.632027
0.652482 -0.787983
0.344222 0.515840
-0.165932 -1.349027
-0.161458 0.675668
0.242810 -0.660267
1.562531 0.831372
-0.184963 1.785710
-1.329043 0.017458
1.232774 0.116173
0.191321 1.841921
0.054964 0.364386
0.516303 -0.593720
0.355709 0.931807
-0.083071 -0.604452
-1.360554 1.393095
-1.111408 -1.318622
1.291870 0.529622
1.261465 0.842217
-1.559630 -0.646918
1.003116 1.425564
-0.170129 0.583610
-1.613819 -1.522750
-0.158886 -1.259832
-0.103034 -0.380453
-1.580697 -0.605066
0.322057 -0.745840
1.198507 0.033562
-1.736409 -1.239227
-1.041754 -2.607433
1.328608 -0.154053
0.608349 -0.211905
-0.039006 1.471045
1.529623 0.004106
2.192492 -1.029301
1.029497 -0.631933
-0.284586 -0.017128
-0.584117 -1.831244
0.071218 -0.190386
-0.866508 -0.226883
1.061317 -0.002646
-1.411437 0.459546
1.483506 0.510058
-0.460504 0.505867
-0.773941 -1.607302
0.704691 0.143410
-0.576989 0.057892
-1.511661 -0.634849
-2.006225 0.449921
0.512767 0.777750
-0.590337 -0.003339
0.155217 -0.512108
1.766036 0.114962
-1.832726 1.562388
-2.145658 1.212558
0.118310 0.700337
-2.289698 -1.553278
0.570223 1.376780
0.810097 -0.425659
-1.540309 -1.088168
0.780516 1.018190
0.117622 0.084918
-0.419928 -0.633888
-1.205104 -0.101104
-0.233857 0.211190
1.484649 0.434260
1.215484 -0.644031
0.137382 -1.557713
0.902425 0.554171
0.010005 -1.220436
-1.435328 -0.141233
0.302786 -0.521396
-1.419969 0.027096
-0.376223 1.168636
-0.496715 -1.104346
-2.147901 -0.124317
0.441102 -0.876392
0.416570 -1.190948
0.280915 0.909209
-0.723645 -0.664932
0.805595 -0.564618
0.150067 0.566809
-1.270522 -0.833723
0.489493 -0.388557
2.295527 -0.658084
0.529578 2.668302
-0.504019 0.190607
2.289216 -0.603387
-2.206697 0.134938
-0.523421 0.761245
1.020898 -1.083514
-1.652716 0.577644
-0.125538 0.275289
0.874825 0.529628
0.306580 0.235039
0.031015 0.257652
-0.487241 -1.457705
0.199730 1.174078
0.725661 1.827964
0.252947 -0.868637
-1.702911 -1.398970
0.002409 0.252479
0.553245 -1.121605
-0.121623 -0.588246
1.417702 1.724197
1.131027 -0.645047
-0.295946 0.819525
-0.341744 1.488066
2.283726 0.196228
1.031718 -0.544130
-0.214069 -0.219863
0.015258 0.165041
0.138545 0.966171
-0.678490 -1.889050
-0.698815 -1.370381
-1.396673 -1.177765
0.551503 -1.066549
-0.827657 1.511064
-0.394650 -0.163431
0.049327 -0.860118
0.254583 -0.886270
-2.051836 -2.380158
0.335088 0.207549
-1.360053 0.588128
0.070681 0.037729
-0.142882 0.319634
-0.134119 0.297272
1.512559 0.457578
-0.159381 -1.060069
-0.121951 1.539491
-0.485279 1.935314
0.403083 0.039311
0.627679 1.030195
1.392350 -0.145500
0.237968 -0.336400
-0.138515 1.512551
-1.019967 -0.565105
0.910967 1.381150
-1.174602 -0.872402
0.684424 -1.199670
-1.846081 0.476190
-0.531099 1.459303
2.434717 0.039220
-0.725813 -0.613961
0.246423 1.077269
-1.495369 -1.012331
-0.479972 -0.173041
0.264658 1.070683
0.792275 -0.206391
0.067147 -0.930314
1.390457 1.848861
1.019393 -0.359693
-0.627128 0.409464
0.443177 0.734967
-2.007525 -0.109627
0.757202 -0.254671
1.022546 -0.860434
0.902849 -0.254339
0.390182 -1.477167
-0.242459 0.158041
-1.393072 0.076609
-0.709146 0.571725
-0.147502 0.867567
0.430344 -0.186339
-0.885788 1.479562
0.006851 0.377046
0.134685 0.524116
1.263504 0.383821
0.400806 -0.083009
-0.820501 0.850177
0.033338 -1.360652
0.150337 -0.699024
0.127083 -0.126118
-0.580124 0.633601
0.786882 0.387811
-1.391084 0.503026
1.012191 1.203480
-1.347367 1.171114
-0.988627 -0.250368
-0.235065 0.071826
0.427711 1.161003
0.675781 0.242684
0.757072 0.334730
-1.311753 2.011798
-0.046889 -0.391106
-1.146977 -0.219593
-1.824122 -0.764016
1.477809 -1.551672
-0.257172 -1.081712
-0.305535 -0.562419
-2.792073 -0.337045
-0.292792 3.836295
-0.431556 -0.052095
-0.087683 0.138212
-0.259964 -1.000877
-0.381344 -0.159894
0.332331 1.542372
0.680972 -1.228403
0.402107 0.071523
0.452912 0.527119
2.027022 -0.634488
-1.534063 0.894703
-1.489499 0.552218
-0.196183 1.276523
-1.982169 0.328114
2.468940 0.407961
1.895837 1.075939
1.319179 -0.603637
0.265309 -1.592805
0.584326 0.180936
-1.048089 0.455613
-2.047379 -1.398661
0.199452 -0.220242
-0.007146 1.028018
-0.311037 -0.761497
-0.272952 2.243946
-0.927363 -1.546985
0.407540 -0.645535
0.383576 0.860511
-0.774806 -0.479184
1.705895 0.144601
-1.643060 -1.673347
1.053363 -0.028487
0.358878 0.132229
0.324202 -0.546626
-0.905039 1.529632
-1.159166 -1.475769
-0.535345 0.339664
-1.543796 1.247077
0.357964 0.056191
1.545416 -0.833325
0.842380 0.671049
-0.590403 -1.333089
-0.238190 -0.295819
0.203860 -0.273026
0.584224 -0.235595
0.819550 -0.169241
-0.583134 -1.646346
0.389051 -2.501124
0.156994 -1.259419
-1.114406 0.786324
1.558934 0.598279
-1.662504 -0.512174
-0.454805 0.335229
0.176890 -0.394189
0.804019 -0.655495
0.928828 -0.844153
-2.744762 -0.894243
-1.666302 -1.334460
-0.585967 -1.651327
0.196108 -0.594086
2.087187 -0.207193
0.013143 -0.607820
-1.169816 0.078741
0.046575 0.208006
-0.057509 -0.733120
1.606497 -0.360439
0.607719 0.475414
-1.084036 -1.258960
-0.391694 0.036647
0.720099 -0.230263
-1.039165 -0.986568
1.401934 0.078310
1.359765 0.253446
0.509518 -1.205291
0.670776 -0.461737
-0.336404 -0.539825
0.418491 -0.255998
-1.416024 -0.661300
-0.282641 1.014297
-0.561128 0.439748
0.260871 0.389960
0.604907 -2.241278
-1.595890 1.218876
-0.297296 -0.681839
0.179535 0.175392
-0.807627 0.741814
0.768410 0.077172
0.639621 0.073668
-0.736809 -0.031738
-0.859306 0.211141
0.526750 1.688788
-0.805067 1.150897
-0.860153 0.315334
-1.454734 1.119483
-0.687512 0.348476
-0.376249 -0.694807
0.060321 -2.814538
0.440603 -0.195515
0.835870 -0.781010
-0.066342 -1.984782
-0.689419 2.194759
-1.012748 0.123830
0.436603 -0.278131
0.959824 -0.609115
-1.337020 0.202397
-0.966767 0.047774
-1.945361 -0.705144
0.553749 0.190865
1.058345 -1.927407
0.032182 -0.001482
0.021783 0.221272
-0.969235 -2.249948
0.295626 -1.204888
0.326825 1.767084
-0.885476 -0.226776
0.486974 0.691775
-1.200091 -0.212393
-0.828100 0.610134
0.546565 0.945771
1.856212 -0.420580
0.804722 -0.197484
-0.881360 -0.904173
1.098907 -0.269679
-0.031510 1.205782
1.965968 -2.618286
0.775357 -0.541653
0.379067 0.277446
-0.372185 0.461327
0.777442 0.258495
-0.054275 0.519138
-0.212752 0.181229
-0.918613 -0.140501
0.658733 -0.800519
0.857921 0.400559
-0.714893 -1.581308
-0.061887 -1.563994
-1.646924 -0.203616
-0.538487 0.577365
-1.763602 0.579073
-0.323187 -1.204343
0.633989 -1.232435
-1.262669 0.411377
-0.643427 0.277359
1.617490 -1.306863
0.864592 -1.001190
-1.758217 0.399971
-1.157175 0.235840
0.101578 -2.110960
0.216118 -0.221924
0.446160 1.592251
-0.068822 0.061365
1.166116 0.744744
0.062340 0.754790
1.247004 0.030613
1.084550 0.583742
-0.561075 0.168973
-1.189021 -0.799631
-0.187830 -2.544602
-0.444025 -0.959524
0.084544 -0.661674
1.247758 0.664199
0.541451 -0.035976
0.077961 -0.098962
2.119892 0.430144
-0.679247 -1.405813
-0.489162 1.352134
0.119423 0.943281
0.447875 0.471889
-0.251653 -2.225333
-2.216256 -1.527781
1.175774 -0.464995
0.363115 -0.929216
-1.693092 -0.373564
-0.541045 -0.785908
-0.211124 0.516036
0.040822 -0.803410
1.000493 0.538747
0.073966 -0.238262
-0.335525 -0.521113
0.385314 -1.028855
1.052424 -0.597013
-1.018660 -1.270099
0.269856 1.036103
-0.054375 0.565111
0.901119 1.321653
1.699073 -0.076942
0.337836 0.504801
-0.675007 0.661583
-1.237000 -0.437143
0.524060 -0.598224
0.247484 -0.432444
0.798396 -0.567831
0.015712 -0.079725
-1.950257 -2.010739
2.581922 0.232327
0.705593 -1.394557
0.102117 -1.113919
-0.131836 0.807240
-0.310507 0.467156
0.334593 0.780209
0.441530 1.035591
0.688042 -1.408471
0.148493 -0.138587
0.776529 0.186308
0.899301 0.582141
0.684493 -1.502155
0.203157 -1.060853
-1.999416 -0.357417
-1.643286 -1.780319
0.395248 -0.007959
1.277933 0.825849
1.745924 1.391917
0.836340 -0.441703
0.562652 0.161418
-0.682868 -1.542667
0.802166 -0.994489
1.787242 0.429527
-0.644673 0.024302
-0.124471 0.401359
1.026465 -0.296186
1.000579 0.901337
-0.037448 -1.083028
-0.226529 -1.259200
0.015395 0.675988
-1.612943 -1.294776
1.014707 3.573753
2.471015 1.580124
1.042428 -0.276044
-1.395940 -1.447539
-1.655641 -0.765097
-0.813960 1.925981
-2.174215 -0.442686
-0.738567 0.223662
0.204165 0.609452
-1.075876 -1.067092
-0.667300 -0.337588
0.372443 0.402029
-0.788851 -1.157708
-0.029437 0.758667
2.132541 -0.749710
0.140288 0.707559
-0.124474 0.206384
0.079529 1.985735
1.558541 -0.351877
-0.701139 -0.928023
-0.003240 0.834350
-0.665350 0.943054
-0.085074 -1.117499
-0.143464 -0.524552
0.674945 -0.440777
0.894866 0.714544
-0.473063 -0.450674
1.592512 2.771593
-0.291543 0.451851
1.430312 0.124833
0.446737 -1.414117
-0.759685 -0.024992
-0.000832 0.267071
0.561140 -1.330962
0.837116 -0.046277
-0.232330 1.300029
-0.107689 0.754593
1.782862 -0.813746
-0.236501 0.983031
-1.122712 -0.886124
-0.996107 0.992913
1.143614 0.181991
1.604539 1.198183
0.550067 -2.245637
-0.740325 0.720609
-0.379993 -0.567204
-0.024345 0.615239
0.326078 0.080088
-0.961121 -0.628323
0.194872 0.131244
0.700380 1.650606
-0.530743 0.724193
-1.842649 -1.317182
0.064133 1.411720
-0.515991 3.392107
-1.775710 0.146575
-1.#IND00 -1.#IND00
-0.132648 -0.322107
-0.821142 2.246869
1.091367 0.689369
0.867358 0.788590
1.194786 -1.189357
0.745759 0.256087
1.176904 -0.637822
0.240270 -1.033040
-0.191437 0.118751
2.486275 -0.338173
0.269935 1.713714
0.539253 -0.086557
-1.808712 0.125927
1.273766 0.614467
0.229916 1.112561
-1.661109 -0.028829
-1.931110 0.816236
0.212198 -0.629021
-0.303164 -0.887699
-0.052725 -0.155751
-0.870933 0.669690
0.594690 1.939263
0.337703 -1.422259
1.190320 0.301082
0.102479 0.098703
1.174961 0.629792
0.484231 -1.730673
0.793154 -0.392984
1.324659 -0.843853
-0.882672 1.480147
0.322763 0.952548
-1.653712 -0.849400
-0.123615 -0.155466
-1.092618 0.425701
0.166840 -1.353194
0.623998 0.144282
1.748819 -0.308988
0.076994 0.001166
0.671275 -1.978589
-0.122279 0.195552
-1.165432 -1.007889
-1.355625 0.195386
-0.513391 0.069478
0.096341 -1.171928
0.024242 -0.147283
2.865036 0.052746
-0.320382 0.391708
0.197744 1.689127
-0.454067 -1.843773
-1.104461 1.420083
1.108448 -0.041253
0.909468 -1.645047
-1.085128 0.884848
1.682224 0.314217
-0.892182 -1.453319
-1.619132 0.485247
-0.183557 0.508299
-0.208615 0.070989
0.082618 0.873564
-0.722402 -0.354054
-1.246530 1.036517
-0.578809 2.161870
0.164959 0.271446
1.079561 1.148861
0.322568 0.168387
0.581544 -0.156866
-1.837905 -1.186477
-0.869097 -0.345929
-0.532301 0.100642
0.605131 0.751983
-1.146187 -0.787536
0.549078 -0.243146
-0.975742 -1.300277
-2.258118 -0.641974
-1.698529 -0.531486
0.304214 1.970655
0.625310 0.363974
-0.270000 -0.848715
-0.847198 -0.642694
-0.237867 -0.970686
0.492673 1.664491
1.536309 -0.563382
-0.670010 1.624314
-1.695787 0.139324
1.856146 0.713158
-0.480314 0.058635
-0.892775 1.059639
0.607171 0.503401
0.521060 0.503403
-1.003684 -0.741285
-1.665568 0.718347
-0.245529 0.248811
0.115148 0.682414
0.334047 0.023933
0.266780 0.905780
0.169742 0.508311
-0.838466 -0.545617
-0.409360 1.637868
-1.593486 0.634967
-0.841481 -1.199032
1.464850 0.333973
-0.944992 0.205085
0.005191 1.718900
1.258088 0.864955
0.076601 1.585567
-0.046569 -0.517258
-1.034865 0.380510
-0.737859 0.238049
0.461499 1.546089
-0.059375 0.267702
1.692626 0.238825
-1.620571 -1.087149
0.166824 -1.479014
0.000434 1.293143
0.226339 -0.954054
0.522714 -0.486160
-0.699006 1.658411
0.450090 -1.367900
2.073097 1.166574
0.307901 -1.400273
-1.319796 -0.446286
-0.222247 0.326032
-0.861935 -1.247921
-0.534946 -0.957395
-0.578372 0.179153
0.560522 -0.644070
-0.659755 -0.842278
-0.140862 -0.310154
-0.412779 1.517263
-0.883111 0.998197
-0.906754 -2.762019
0.123945 -0.749433
0.911154 -1.552506
-1.160833 0.236354
0.459954 1.811477
1.397028 -1.897439
-1.118859 -1.138610
1.547477 1.259642
-0.364399 -0.719355
0.692918 0.109724
-0.707237 0.350668
-2.028291 2.069645
1.100881 2.706347
1.933498 0.352334
0.096797 -2.538650
-0.888297 0.261030
1.669539 0.579395
-0.077988 -0.485123
-1.191004 -0.583153
-0.146028 -1.386466
-2.632195 -0.333631
0.030903 -2.743015
0.479465 0.234932
0.355538 -0.030275
-1.178858 -1.634028
-0.456477 1.561438
-0.355506 -0.321297
-0.163927 -0.818147
-0.702338 1.957807
2.398133 -0.292990
0.136091 -0.678205
-0.820564 -0.756604
-0.067895 1.942015
1.379158 -1.089603
-0.992888 -0.206327
1.061041 1.323721
-1.517435 0.763657
-0.268547 -1.656306
-0.866728 -0.155280
0.169797 0.884812
-0.033809 2.312160
1.661992 0.399426
-0.472062 -0.132739
1.075369 0.645978
0.496707 0.961485
-0.701474 -1.205538
1.343174 0.188730
0.095257 1.434677
0.009892 0.342110
0.220903 1.886951
0.015566 -1.944281
-1.740586 -0.252915
0.754833 -0.763018
0.466789 -1.937788
-0.229471 -0.375409
-0.525302 0.933817
-0.692209 -1.604330
-1.276535 -0.820961
0.017462 -0.318371
0.522074 -0.191110
-1.833646 -0.097663
1.711952 -0.058127
0.707873 1.163824
1.529867 -0.188101
-0.579700 0.026864
-1.023083 0.208512
-0.571707 1.917315
1.435671 -0.150306
-0.207736 0.314628
-0.061235 -1.146593
0.601095 1.204028
0.499605 0.503283
-0.530316 -1.216904
0.954500 0.492693
0.135525 -0.198037
1.287802 0.347371
-3.253895 -1.088488
-1.114505 -1.678165
0.263542 -0.144926
0.272041 -1.170658
1.610580 -0.015133
0.629538 0.548990
-0.162725 1.616372
0.851458 -0.513030
0.709219 -1.100812
0.495276 0.866198
0.278819 -0.842477
-0.546318 -1.311586
-0.915100 -0.100864
-1.037492 0.816928
-1.033101 0.580695
-0.960142 0.609188
1.670682 0.883169
2.249484 2.232403
0.410861 0.106358
0.328709 -0.298168
-0.187772 0.640020
-1.759497 0.425894
0.103654 -0.393027
0.578732 -0.054762
1.346774 -0.866681
-2.296572 1.121746
-0.153402 0.480287
-1.173553 1.065130
2.187763 -0.249848
0.107459 0.766107
0.574647 0.563327
-0.741830 0.895361
-0.080327 0.064304
-1.066279 -1.483971
-0.240960 0.700288
0.202964 -1.193089
-1.824084 0.628525
-1.823643 -1.088105
1.996704 0.414724
0.369282 0.505811
-0.366737 -0.336463
-0.292747 -0.504666
-0.574195 0.126113
0.855069 -1.034659
-2.290816 1.510799
0.657251 0.176881
-0.751328 -0.877658
-1.032492 0.095601
-0.153116 0.262910
-0.169685 1.314981
-0.937092 -0.100197
-0.114889 2.646509
1.651593 0.521846
-0.240523 0.383668
0.434032 0.974710
-1.106966 -1.361912
-0.615845 -0.296139
0.442990 -1.154465
1.855808 1.865888
1.120955 0.346867
-0.229049 -0.332711
1.469426 0.823911
-0.684042 -1.214916
-0.276715 -0.434702
-0.110755 0.879553
0.183499 -0.578150
-1.412044 -0.215416
-1.244761 0.996476
0.370382 2.465073
-0.788263 0.968670
-1.012438 0.212213
0.997842 -0.158008
0.680982 -0.477865
-0.701659 -0.277570
0.686169 0.782366
0.919309 1.379366
1.015559 0.885963
-1.330756 1.367297
1.150343 -0.325012
1.287169 0.322429
0.286497 0.208849
0.072053 -0.125177
0.461543 1.318710
-0.524725 -0.116092
-0.412513 -0.481687
2.264363 0.923243
1.184364 1.414788
1.169957 -0.407278
-0.202499 1.173339
-0.246976 0.159304
-1.186379 1.066032
-0.738664 -1.506599
-0.409936 -1.629545
-0.418068 -2.566040
-0.119189 0.882307
1.847810 0.731182
-0.031636 0.866802
0.004750 -0.579368
-0.607232 0.251464
-0.597706 1.376584
-0.460352 0.086307
-0.864306 -1.134011
-3.007365 0.273226
-1.201841 -1.342819
1.478755 -1.196646
-0.550377 -0.541297
0.256151 -1.028644
-0.184815 0.166260
1.123564 -0.836670
-0.121303 -0.757344
-1.152286 0.671153
-0.444591 0.174301
-0.931694 -2.790959
-0.170103 -0.715484
0.545073 1.201071
-1.280838 -1.708213
-0.647919 0.229108
1.007583 0.662703
0.624808 -1.240791
-1.710622 1.325825
-0.461783 0.076531
-0.053623 1.873170
-0.349519 1.033793
-0.291917 0.544297
-0.260118 -0.420637
-0.035192 -1.029204
0.096996 0.576189
0.557392 1.183305
1.659283 -0.879587
-0.629660 -0.970565
-0.746064 0.567100
-0.161148 -1.078854
0.750943 -1.744595
0.228344 0.366971
-1.638831 -0.041018
0.974462 -1.033832
-0.571445 2.740021
0.542163 0.597984
0.166133 -0.113891
1.183822 -1.685118
-2.813482 -0.334157
1.500691 -0.645020
-0.685301 -0.261720
-1.272985 -0.492604
1.011917 -0.318024
-0.596308 1.507597
0.940690 0.500742
0.375379 0.065211
-0.369627 0.450681
-0.867650 0.673276
1.331422 -0.906004
2.077340 -0.253393
2.152238 1.748487
1.116453 -1.174507
-1.255508 -1.027395
-2.209907 -0.829440
-1.855834 -0.199513
0.064395 0.510991
-0.388022 0.887594
0.917874 1.092189
-0.392385 0.601537
0.471552 0.865839
-0.011600 0.392058
-0.479042 1.262512
-0.515821 0.407765
0.626046 0.564387
-0.784908 0.320292
1.297807 -0.625145
-0.158730 1.092762
1.398666 -1.631623
-1.166180 0.295570
-0.445022 0.572422
0.037560 0.424946
-0.197665 0.300125
-0.990476 0.519590
0.054987 -0.672044
0.494105 1.066404
-1.096989 -0.172954
2.056742 -0.169575
-2.015847 -1.577918
0.142042 -1.831013
-2.006271 0.919670
-1.174292 -0.357090
0.947201 2.772648
-0.953901 -0.998699
-0.093105 0.438016
-1.407053 -0.303386
-1.430115 0.780558
0.075972 -0.328638
0.165771 -1.406669
0.873999 -1.399211
-2.139596 -0.779730
0.818014 0.496521
-1.190595 0.485571
-1.193235 1.345094
0.036673 0.639469
0.878200 -1.348848
0.094728 0.606691
-0.517341 -1.767113
-0.389938 -0.134194
-1.092236 -0.429658
0.593506 0.371240
1.511408 -0.645167
0.276935 1.178388
0.723978 -1.847444
0.258138 -1.169682
-1.672026 -0.570398
1.073931 -0.570611
0.453657 1.734977
0.105944 -2.100977
-0.516656 -0.041750
0.386595 -0.906744
-1.109930 -0.282220
0.640607 1.088654
-1.924018 1.112267
0.641006 0.164755
3.198857 -0.377751
1.685283 0.182322
0.569804 -1.603337
-1.641394 0.260076
-1.127722 0.150416
-2.485794 0.837909
-1.057523 -0.618405
-1.728776 -0.557373
0.177673 1.353359
0.561259 0.476152
-1.006164 -0.573451
0.453089 1.656024
-0.312697 1.092134
-0.150544 -0.463658
0.436567 2.212991
1.527543 -0.125059
-1.020248 1.606822
-1.583076 -0.960277
-0.078873 0.204086
0.204881 1.496099
-1.599651 0.010889
-1.625053 -1.163051
0.710454 -0.059810
-1.264717 0.850538
-0.680704 0.835512
2.534890 -1.614813
0.115675 -2.010291
-1.247405 -0.730726
2.171213 1.124429
1.127083 0.439253
-0.342243 -0.723139
0.186828 0.002508
-1.022736 -0.887572
0.319084 0.225192
-0.357888 -0.487941
0.252636 -1.458007
0.610631 0.473929
0.909965 -1.146914
0.639431 -0.970274
-0.037208 -0.588556
-0.975995 1.508207
-0.283457 0.435094
-0.075239 1.327528
-0.794663 0.664137
-2.226811 1.941519
-0.005110 0.219735
-1.341529 1.009214
1.581664 -0.245795
-0.588428 1.447753
-1.214998 -1.320374
0.606302 0.230285
-0.151475 -0.548057
1.230635 0.525036
-0.719739 -0.706237
-0.086983 0.809466
0.761575 0.435309
-0.229893 0.071936
-0.518452 0.484332
-0.412107 0.756515
-0.743044 1.051034
-0.048079 1.203349
1.007676 0.520631
1.166093 0.016324
0.959096 0.511721
-1.020393 0.172328
1.920837 0.632537
0.308766 -1.011719
1.112302 -0.991977
-0.174935 -0.340304
1.411008 0.798998
-1.764457 1.193511
0.025384 0.933653
-0.859618 0.023495
0.193324 -1.069330
0.002372 0.311205
-1.475421 0.303944
-0.006110 0.855394
0.701592 0.504677
1.404172 2.086005
0.174385 -2.259179
-0.904355 -1.672341
1.664312 -0.012447
0.680906 1.096155
-1.914981 0.542834
0.198212 -2.087268
0.701026 2.000495
-2.512946 1.094117
-0.547242 1.125436
0.552337 -1.385928
1.154238 0.547288
-0.267304 0.508189
1.048753 0.245674
-2.641093 0.585387
-0.564946 -1.170967
-2.435688 -0.798199
0.209010 -2.813172
2.244698 0.103807
0.951219 -0.681201
-1.384640 0.206348
0.653385 -0.876465
-0.137127 -0.394098
-0.377068 -1.547719
-1.099069 -0.460582
-0.305473 -0.718194
-0.266340 2.971085
-1.988529 -0.967981
0.728769 -0.493462
-0.988852 -0.982661
-2.727936 -0.431165
1.955387 -0.641422
1.251395 -0.792467
1.048712 0.679715
0.828585 0.742096
1.647273 -0.381217
2.225009 1.585031
0.152663 -0.750342
-0.795497 0.946755
0.790845 1.169045
1.823210 0.352505
2.808550 -0.122328
-0.119209 2.733938
-0.812536 0.760230
-0.829192 1.059427
0.377112 0.213544
-1.185611 -0.727603
0.534589 -0.975784
1.296730 -0.080917
1.330598 0.410621
0.236783 0.389130
0.807610 1.572164
-0.775154 0.453684
0.050627 0.644602
1.084711 2.370809
0.732472 -1.248052
1.044141 0.832756
0.330277 0.701853
-0.126231 -0.648053
-1.155862 1.182600
0.821577 0.464811
-1.747663 -0.464411
-0.168845 0.258845
0.529321 0.058497
-1.073523 -0.560795
0.234866 0.857780
0.484198 -0.720208
-0.337040 0.995624
0.953312 -1.361432
-0.776612 0.042111
1.848023 1.578185
0.521419 -0.840844
1.557217 1.063151
-1.638429 0.367438
0.243932 0.211653
0.531354 2.082631
-0.907775 -0.107816
-1.604008 0.938797
0.753861 0.038340
0.846528 -0.039148
-1.556554 0.124279
-1.801047 0.852073
-0.810268 0.691554
0.357973 -0.273025
0.777681 -1.168317
1.066809 0.749527
-1.347499 -1.612486
0.315920 0.075605
-1.025959 1.913845
-0.401466 0.575801
-1.612153 0.717048
-0.723194 1.274716
0.929026 1.019168
-0.668130 0.486561
-0.179137 0.293950
2.682439 0.270959
-1.319611 -0.632688
0.743108 -0.968238
-1.327479 -0.451438
-0.455729 1.836862
1.186417 -1.031018
0.678144 -0.553522
0.056748 -0.311500
0.936844 0.540029
0.578748 1.060727
-0.910963 -0.721837
0.343527 1.130275
0.887380 -0.223189
-1.172120 0.645298
-1.070770 0.208198
-0.440541 -0.371493
1.132364 1.205516
-0.199290 -0.740377
1.275689 -0.901775
-1.504195 -1.568200
-0.644121 -0.419151
-0.419216 0.031207
1.754328 -0.127382
1.071234 0.579758
-2.093286 1.352477
1.580914 0.176553
-0.410929 1.123746
-0.513431 0.069684
1.638255 1.178924
0.224020 -0.142105
1.044919 -0.961434
-0.207023 -0.267028
0.992863 1.521769
0.583081 -1.478712
-0.335707 2.055554
-0.486963 0.201768
-0.410749 -1.248737
0.220481 0.598132
0.221124 -0.921057
-0.564646 -0.526473
0.181448 1.299028
-0.618804 2.039505
0.200838 -0.837267
0.615246 -0.880073
-1.636641 -0.335520
0.160912 0.262512
0.368316 0.719711
0.107544 -0.516904
-0.679188 -2.324905
0.572698 -1.245405
1.392706 -0.367372
-1.836634 3.220002
-0.312060 1.336476
-1.538538 -0.826002
1.182156 -0.247905
0.276230 0.018567
-2.045609 -0.474022
-1.730382 0.371713
-0.067991 -0.135184
-0.322788 0.159200
0.203750 -0.399271
0.045181 -0.388518
1.059785 1.881002
1.076336 -0.776436
0.692126 1.036337
-0.492398 -1.844787
0.306146 1.428825
0.112210 0.326822
0.609897 -1.555455
0.029270 3.656002
-1.864825 0.147453
-0.920682 0.717827
0.291037 0.241579
1.139432 0.111125
1.354319 -1.329168
0.757147 -0.825193
-0.612669 1.203729
-1.282957 1.764025
0.500754 -0.117506
-0.942541 0.630203
-0.547243 -1.159165
-1.455511 0.141247
-1.256604 -0.847183
-1.458220 0.500270
-0.049395 -0.001786
0.460593 -0.699489
-2.068768 -1.313141
-0.434624 0.158862
-2.074112 -0.102894
-0.969076 0.215572
-0.390024 -0.202318
-1.495389 2.024115
0.681019 1.071425
-1.403493 -0.566757
1.358300 -0.521280
0.112305 1.531445
0.214048 1.288101
0.597094 1.340899
1.162880 -0.636583
0.546256 0.100950
-1.904277 1.491764
1.124073 0.210185
0.424906 -1.380881
-0.410963 0.472492
1.408272 0.643099
-0.548923 0.604624
0.029021 0.647041
-1.304828 -0.811136
0.128732 1.933237
1.749717 1.052888
0.087858 -0.830343
1.877973 -2.076927
-1.631189 -0.185493
1.220178 -1.262613
-0.282376 0.822187
-0.998765 0.546868
-0.267991 1.696079
-1.551913 -0.092211
1.469733 -0.883257
1.598350 -1.333995
0.954526 -0.592739
-0.272953 0.754493
-0.986183 -0.997451
0.660903 -1.330843
-0.065661 2.531242
-0.543242 -0.669930
-1.795661 1.619119
-0.605898 2.171135
1.640734 0.815286
-0.513826 -0.710210
1.521149 1.649582
-0.948859 -1.009963
-0.099650 -0.756237
1.095306 0.099405
0.770599 0.118543
-0.167130 0.702380
1.533402 -0.611877
1.449746 -1.147179
0.120677 -3.332751
0.779493 -1.408671
-1.160620 -2.313124
0.567917 -0.092052
1.347205 0.142611
2.277021 0.736303
0.227328 0.501430
-1.249253 -1.665423
1.098922 0.584431
0.283375 0.843214
1.238089 1.154166
-0.460819 1.224385
-0.595671 0.017538
-0.215563 0.275416
0.759691 -1.282009
0.273152 -1.556880
2.759770 -1.009038
1.093354 -0.640343
0.063138 -1.228671
1.437035 -1.664720
0.418239 0.815719
0.268949 0.830230
1.284209 -0.726547
1.089019 0.175444
0.850309 0.570778
0.225504 0.654349
-0.659642 -0.416225
0.310698 0.684974
1.344588 -0.216882
-0.334000 0.172445
2.691249 1.110560
-0.304815 -0.344938
0.208398 -0.952980
1.294536 -0.752512
-2.187553 -0.489705
0.792401 0.726849
-0.572073 -0.737595
-0.311546 0.495479
1.467425 1.674444
0.908472 -0.134763
-1.682751 1.009737
0.211525 1.596981
0.797152 0.342809
-3.074765 0.693890
-1.419690 1.159929
-1.071298 1.415140
0.137295 -0.152779
0.519941 0.993806
0.181610 0.250566
0.343389 1.065597
1.265797 -2.589916
-2.043543 -1.121989
-2.164881 0.033835
-0.873716 -0.582731
-0.233681 0.043718
-0.107989 -0.675046
-0.797794 -0.272331
-0.536288 0.260420
-0.002173 0.374575
1.513832 0.107877
0.464499 -0.135576
-1.347952 -0.297412
-0.236404 1.538235
0.964679 1.060320
0.820530 2.397349
-0.273998 -0.483819
0.128108 0.608717
1.701608 1.617033
0.823080 0.472771
-1.628524 -1.537806
-0.860467 1.346034
-0.317548 -0.050627
-0.263231 0.726313
-1.420580 0.369922
-0.521207 -0.598547
-0.305034 -1.193188
1.201678 1.828003
1.304729 -1.059552
1.049458 0.699217
-0.371881 1.754498
-0.410105 0.476835
-0.001391 -1.707163
1.016321 0.710858
-0.550236 -0.707757
0.634328 0.135691
-0.639616 -0.519118
0.810589 -0.298311
-0.357700 -0.597998
0.002230 -0.911972
-0.661149 -0.082770
-0.775165 0.055762
-0.437076 0.054378
0.215795 -1.571313
0.593899 -0.570480
1.279296 -0.774163
-0.992735 0.486310
-1.314318 1.495972
-0.622878 0.405497
-1.120479 -1.081887
0.788813 0.475697
-0.185775 2.362450
-0.036037 0.204366
-0.101568 1.568390
-0.967152 0.251650
0.018806 0.755730
-0.710085 1.168723
1.692880 -2.078288
-0.109650 0.780095
0.318120 -0.429304
-0.500766 0.062107
1.386011 1.063427
-0.912852 0.676366
0.230080 0.737151
0.568528 0.655550
-0.232391 -2.154858
-1.078205 0.669112
0.757791 -0.172464
0.798713 -0.754365
0.987890 0.326786
-0.085695 1.380757
-1.584344 0.717820
0.614202 1.112985
-2.050596 -1.092822
0.766897 0.347016
-0.222609 -1.955066
0.027805 0.123624
0.257435 -0.569871
0.325227 0.130644
0.884122 1.300471
1.266291 -0.334026
1.513832 2.114106
-1.486112 -1.358719
-1.590876 -1.403791
0.560720 1.595206
0.775483 -0.965190
-0.732312 0.261005
0.231263 1.849423
0.457307 -1.183626
-0.041602 0.778977
1.254648 -1.186350
1.468345 0.276307
0.870096 0.922045
1.664858 -0.143695
-0.621321 1.565565
0.325533 -1.421856
-1.014711 0.462084
-0.621681 0.583676
-0.128984 -1.259406
1.480334 -0.266531
-2.501374 -0.667778
1.669904 0.045801
-0.282389 0.137730
0.522369 -0.797961
-2.265745 -1.157178
-0.412624 1.443232
0.016104 -1.405484
-0.702124 -0.872685
0.220164 -0.621772
-1.474056 2.912680
0.998258 0.496515
1.293102 -0.536220
-0.478324 -0.597798
-0.661075 -2.226374
0.284787 -0.614951
1.116736 0.546126
0.151970 -2.308944
-0.770616 -0.528180
-0.173756 -0.236897
0.014243 -1.147111
-1.210999 2.491708
0.733500 -0.881000
0.034215 -0.530715
-0.006262 -0.691135
-0.415682 0.579454
-1.388636 2.613209
-0.373022 0.958089
-0.074706 -0.743496
0.098099 0.373998
0.412420 1.020594
1.690303 -0.380263
0.096523 1.174149
0.124728 0.950070
-0.697539 -0.076478
-1.254076 -0.729797
-0.147734 -0.908967
-1.324908 0.590810
1.129008 -0.684697
2.171600 0.155587
1.027248 -2.643684
-1.424337 0.954319
-0.142973 1.008749
0.630952 0.025663
-0.631540 -0.353390
-0.406578 2.033245
-0.158251 -0.344397
-0.343295 1.230141
1.382950 0.609870
1.153363 -1.480908
-1.704042 0.712954
-0.116664 -1.397804
0.241654 -0.664589
0.901647 -1.792271
0.415263 1.051349
-1.377785 -1.735525
-2.168832 -0.936881
1.080023 1.454579
0.252471 1.179422
0.601274 1.423868
0.508580 0.868089
-1.137809 -0.293494
0.477509 -1.208263
0.611036 -0.164192
-0.773739 0.295325
1.386672 0.732693
0.229480 -0.667132
-0.222495 -0.284049
-0.496245 1.008238
0.876824 -0.338819
0.185263 0.721511
0.504173 -0.991269
0.883694 0.221001
-0.108141 0.562649
0.641909 -0.004185
0.582851 -0.418415
-1.392606 0.400245
0.420651 1.232102
0.911719 -0.093861
0.865805 1.105114
-1.394719 -0.246562
0.499190 -0.562829
0.234299 -0.346920
0.711305 -0.720399
0.933237 -0.823967
0.121056 -1.545128
-0.187210 1.295822
0.028473 -0.663238
-1.209570 -0.272723
1.091594 0.260793
0.123366 2.015857
0.103670 0.974431
-0.926654 -2.842854
1.353511 -0.023620
-0.751610 0.595098
0.635067 0.286777
0.054872 -0.474230
-0.223790 -1.205469
-1.320783 -0.655512
1.035905 0.163018
-2.075175 1.908274
0.249726 -0.827922
-1.611020 0.413580
-0.239087 -0.439902
-1.736572 -2.070797
0.301336 0.714353
-0.758779 1.162257
-0.145798 0.472370
-1.073072 0.510442
0.517731 2.220194
0.703844 0.049071
1.362802 -0.212587
0.520908 -0.435093
-0.514934 -1.022840
0.353392 -1.771684
-0.110745 -0.760362
1.062203 -0.105032
0.957562 0.558843
-0.944017 -1.057605
0.613917 -1.122624
0.136560 0.637344
2.023097 0.329908
-0.396119 0.032009
0.099013 1.607813
-0.957267 0.273536
-0.934903 -1.331063
-0.313291 -0.198523
1.143157 1.498386
0.960218 -0.719048
-0.559034 1.962445
2.362757 0.638788
-0.604034 -0.746654
0.866485 1.119185
0.249304 0.712307
-1.426741 0.578693
-0.662717 -0.116109
-1.598927 0.940357
-0.899347 0.797889
-0.731520 -0.880509
0.151143 1.972861
1.569548 -1.630379
-0.191892 -0.269017
-0.762825 -1.274727
0.543244 -0.448469
1.367579 0.773714
-0.423647 -0.781619
-0.132926 -0.520377
-1.277039 0.312744
-0.831313 -0.587529
0.120472 1.402864
-0.908644 2.856221
0.330554 0.210040
-0.680087 -1.147425
-0.486789 -0.476925
-1.418929 -0.411938
-1.172530 0.009331
1.077447 0.367908
1.481666 0.796018
-0.932023 -0.300690
-1.088614 -0.338805
1.290182 0.094426
-0.758925 0.343672
2.579187 -1.380562
0.245842 -0.153972
-0.931368 1.164001
0.528313 -0.855987
-0.536430 0.288924
0.876889 -0.889463
-0.395601 -0.776513
-1.265592 -1.420064
-0.041852 -0.325316
-0.208410 2.663362
-0.698755 -0.994038
-0.642871 1.111680
-0.319178 0.481002
-1.439380 0.070853
-2.409044 -0.580186
-0.035992 -0.401500
-1.339922 -0.898504
-0.027486 -0.773438
-0.205395 -1.069762
0.325718 0.563120
0.308007 -1.104919
-0.092244 0.871006
-2.051379 0.853196
0.277885 -0.438115
-1.477321 -0.014590
0.768108 -2.380446
-1.077248 -0.880489
-0.135050 0.192905
1.086232 -0.569424
0.336297 0.341251
0.489670 -1.817076
-0.234811 1.858978
-0.554318 0.280697
-0.004007 -0.399877
-0.150995 1.920157
1.015062 -0.569660
0.692115 1.558307
-0.421669 -1.028968
0.160416 0.988792
0.486259 1.353434
0.465232 -0.151622
-0.957384 0.587036
0.672751 0.813730
-1.112600 -0.629599
1.361188 -0.454037
1.005988 -0.888200
0.288757 0.701372
-0.038729 1.229259
1.299892 -0.999333
-0.088298 -1.516758
0.199181 -0.296389
-0.613004 1.263759
0.691586 0.858744
-0.816522 -0.505416
-1.657431 -1.056958
0.714050 1.657134
1.282124 -0.462653
-1.840541 0.809347
-0.050182 -1.536613
0.995234 0.196781
0.459076 -0.549889
0.060712 0.614285
-0.831419 0.456691
-0.197095 0.075185
-0.103975 1.042827
-1.249630 -0.590026
-0.798625 -0.616530
1.122341 1.280677
1.311359 0.003520
-1.669301 0.555922
-0.798280 0.847404
0.923328 -1.751728
1.538549 1.817960
0.261674 1.966906
0.222888 0.746184
0.278562 1.423549
0.996809 -0.924251
-0.369106 -0.690126
-0.999601 0.228001
2.103038 1.817693
-1.641117 -0.877025
1.226522 1.108282
0.732154 -0.163089
-1.326189 -1.817599
1.148992 -1.208275
0.369553 -1.762667
-0.567052 -1.218020
-1.069645 -1.918669
1.172017 -0.279057
0.410475 1.094120
-0.333942 -0.180359
0.218235 0.706338
1.527283 0.122679
-0.210380 -1.383035
-1.418972 -0.754116
1.961825 1.127859
-0.295737 -0.440890
-0.219638 0.806109
-0.292410 -0.303335
-0.956480 -2.247568
-0.392512 -0.523271
1.284062 1.447760
1.096040 -0.609589
0.536587 -2.079813
-0.587254 -0.646597
0.010960 -0.596868
0.130851 0.550617
-2.204558 -0.995767
0.042787 0.011111
0.906107 -0.253757
-0.494373 1.566473
-0.234249 -0.661348
0.424089 0.325256
1.821341 0.455494
-1.036903 -0.542931
-1.040032 -0.727591
1.572958 0.051897
1.351788 0.734950
0.172604 -1.840101
0.436995 -1.312823
1.421136 1.789076
-0.911331 1.005357
-0.172636 -1.383813
-0.916042 0.408697
-1.402519 -0.264895
2.113676 -0.619570
-2.616140 0.911558
0.184605 -0.346356
-0.245076 0.634499
-0.372443 0.668972
0.504998 0.263373
-0.087017 0.799674
-1.267064 0.916795
0.183334 1.101965
1.292283 2.653129
0.848339 -1.268658
-0.159109 1.200360
-2.074936 -0.333258
1.531514 0.356285
-0.311891 0.103403
0.397838 -0.751627
-0.219008 0.333505
0.243187 0.235668
0.948678 -0.816470
-0.816075 0.342726
0.866890 1.648484
-0.847185 -1.619674
0.909681 0.767849
0.560600 0.265153
0.380162 1.337937
-1.277111 0.932298
-1.122670 -0.724750
-1.791562 -0.897742
-0.013722 -1.096624
-0.665691 1.458299
0.205264 -0.690079
0.761732 0.312113
0.438690 -2.915894
-0.392082 -1.464440
0.456904 -1.124464
-0.301510 0.126353
-0.427190 -0.317537
0.312121 0.858898
1.012082 0.528823
1.532632 0.332771
-0.885581 -2.461180
1.605451 -0.489378
0.019714 1.432816
-0.690908 0.563388
-0.285971 -0.174670
0.364684 0.102281
0.156041 0.367747
0.712472 0.888509
0.464693 -0.207165
0.995430 -1.093699
1.497225 0.721202
1.226925 0.304590
-0.200647 -0.461871
-0.010949 -1.532808
-0.500756 -0.607233
0.969593 0.628699
-1.134773 0.922074
-1.625843 -2.005787
-0.081954 -0.026128
1.099477 -1.663484
-1.276186 -1.297718
0.731620 -0.179098
0.876673 -1.020706
0.057190 -0.931587
-0.824618 -0.195089
-2.060522 -0.592209
-0.893922 -1.584836
0.027678 -1.303114
-0.370377 -0.049112
-0.325859 -2.158894
0.664541 -1.635471
0.372264 -0.739978
0.624347 0.106119
-0.777764 -0.257691
0.114159 -1.509105
0.101539 -0.182012
-0.606307 0.077795
1.551497 1.178624
-1.129739 -0.832044
-2.264261 1.976465
-0.760222 1.336994
0.952743 -0.210884
0.350528 0.393844
0.781997 -0.801468
0.081558 1.358332
0.156504 -0.507921
1.247674 1.335441
-0.960045 -0.647247
-0.643107 0.737107
1.607452 0.493022
-0.488074 -1.119384
2.359897 0.576256
0.630182 -2.265699
0.243726 -1.268748
-0.531636 -1.889623
-0.048768 0.325639
1.481650 1.044388
-0.421556 -0.489580
-2.777753 -0.587795
-0.603763 0.110560
1.548298 0.044843
1.162726 -0.682770
-1.159496 -2.072355
-0.293398 -0.087379
0.344349 1.009244
0.214128 -1.177950
-0.436856 -0.571584
0.880017 -0.424522
0.030297 0.760136
-0.534181 -0.316648
1.809685 0.182449
-1.747417 0.473685
-0.726195 -0.914031
-0.684677 0.974012
-1.110034 0.284514
-0.584318 0.410451
1.480454 0.056236
-0.549514 1.302342
1.379145 0.257058
-0.962083 -0.738605
-1.208474 1.604639
-0.799082 -1.534867
-0.887339 -0.040950
-0.023931 -1.446860
-1.310861 -0.332240
-0.990919 0.793267
1.599243 -1.186128
0.011795 -0.466768
0.904235 -2.302224
0.684455 1.189634
1.283962 0.338688
-0.548910 1.583411
-0.588014 0.117260
-1.462341 -0.061305
-0.339755 0.492709
-0.363574 0.057322
-0.493214 -1.162062
1.892069 -0.713667
-0.358183 -0.564354
-1.498992 -0.202862
-1.599958 0.877245
-0.931643 1.156142
-0.014919 0.725344
0.057133 -0.999586
-1.575377 0.307566
-1.877233 0.665015
0.416023 -0.184226
-0.968346 -0.615696
-0.395351 -0.527268
-0.165004 0.626381
-0.328064 1.499508
-0.638542 -0.837798
1.319700 0.787592
0.605395 0.317804
0.388996 0.067115
3.123457 1.202827
-0.194039 -0.291204
1.149231 -0.650182
-2.732712 -0.197632
0.949327 -1.286270
-1.514624 -0.249526
0.651051 -1.469647
-0.684178 1.311090
-1.561052 0.379127
0.223335 -0.411201
-0.073072 -1.902056
0.633397 0.164743
-1.803366 1.555964
-1.930803 0.360456
0.491678 -0.681383
0.177696 0.074647
1.482231 -0.504540
1.893683 0.618769
0.278168 -1.058852
-0.038973 -0.044308
0.590246 1.485190
0.362203 -0.216161
0.598090 1.562247
1.606731 -0.638639
0.802086 -0.592749
-0.641630 1.148846
0.138105 0.837045
-0.638998 0.972659
-0.029675 -1.255407
0.600512 -2.255915
-0.641998 1.507785
0.058977 -2.388374
-1.126014 -0.441699
-0.377717 0.163680
1.205630 -0.184991
0.247819 0.226270
-0.299902 -1.365767
-0.916576 -0.670183
0.141865 -1.335868
1.680064 0.260427
-1.565594 -2.501600
-1.458455 -0.019438
-0.678068 0.711003
-0.735829 0.242389
-1.597265 -0.589038
0.611701 0.115593
0.247541 -0.675130
-1.014021 -0.903805
1.561535 0.457399
-1.022365 -2.003916
0.011113 -0.563941
1.603638 -0.162297
0.447635 0.619595
-1.511006 -0.852374
3.043793 0.329882
-1.186417 1.376794
-0.349915 1.323180
-0.269496 -1.543866
2.063589 1.636130
0.074195 0.103910
-1.443573 0.687362
0.192421 0.574030
1.184605 -0.455664
-0.439317 -1.276759
-0.395383 0.638827
-1.156636 -1.984268
-0.667833 -1.538902
0.270877 -1.066820
0.235852 -0.003573
0.578213 -0.499372
-0.536163 -1.650246
-0.282415 2.281586
1.833975 1.569841
-0.907626 0.629275
-0.201767 -0.222756
0.056007 -0.445121
0.030065 -0.524248
-1.045305 1.603155
-0.991191 -0.914635
-0.853158 -0.451317
0.721896 1.022160
-1.788011 3.016684
-1.554365 -1.349987
-0.867730 -0.833673
-2.429992 -0.646726
-1.054978 -0.537532
1.261739 -1.657110
-2.604795 -1.623407
0.100878 0.813056
2.609864 -0.199063
-1.392166 0.620163
0.876161 1.341774
-0.152487 -0.823148
-1.096092 -0.248684
0.901433 0.091230
-0.463092 0.512251
1.557133 -0.171479
-0.604012 -0.736463
-0.287791 -0.482594
0.209029 0.150057
0.832808 -1.183534
-0.086464 -1.135755
0.266388 -0.866310
-0.512719 -1.472624
-1.164539 -0.222955
1.372117 -0.451259
-0.054065 0.373212
-0.729996 -2.219296
-0.066716 0.510079
1.125047 -0.981100
-1.592787 -1.069839
-0.197918 -0.728594
0.811864 0.637629
-1.232028 -0.598853
0.039530 0.796061
-1.854508 1.947573
0.069304 -0.843042
-1.116835 0.016598
0.508518 0.559149
-1.388851 -0.008922
-0.172643 -0.362266
0.203181 -0.728873
0.354439 1.042740
-0.508597 1.293089
0.292307 0.383292
-1.012830 -0.199150
0.665488 0.447642
0.157703 -1.089367
-2.023659 -1.118152
0.856302 1.177626
0.373704 0.080165
0.414254 0.382626
1.350710 -0.787593
0.455633 0.022297
-0.107825 -1.883306
-0.497753 0.195363
0.265116 0.268918
1.885577 0.689412
-0.659210 -0.149696
-1.094346 0.472481
0.611654 -0.681427
-2.280756 -2.752788
-2.061297 -0.517395
-0.151076 1.439694
0.017001 0.513057
-1.526930 0.760380
1.087363 0.048405
-0.644565 -0.227783
-0.161687 -0.740395
-0.903817 0.273706
0.221751 -0.968559
-1.149716 0.108901
0.441652 0.323383
-0.798915 2.235109
1.352358 -1.054600
0.592379 0.207745
-0.140598 -1.178476
-0.344197 0.208876
0.036030 0.330821
-1.039913 0.532622
-0.207222 -1.069306
-1.273459 0.121608
-0.861157 0.533730
-1.281020 0.698225
-1.335607 1.763578
1.234074 0.399837
-0.208923 -0.856119
1.116318 1.277753
-0.944442 -0.818356
0.491048 0.583622
0.790109 1.333342
-0.146067 -0.283877
0.889263 -1.840024
1.250841 0.714015
0.042540 -0.657881
1.166464 0.101354
-2.060335 1.374727
-2.694836 1.075027
0.041205 -0.231982
1.875971 -0.083151
0.245707 -0.756011
0.957744 0.279144
0.015951 0.504763
-1.871472 0.949938
-0.497772 0.136370
0.875492 2.133486
-1.404289 -0.155601
-0.514204 0.840501
0.886492 0.003230
0.239060 -0.149725
1.972790 -0.146287
-0.038594 0.067997
-0.818010 0.061683
-0.846040 0.357220
1.041321 -0.592299
1.961054 1.030421
0.423700 -1.079977
-0.385679 -1.870821
-0.747657 0.601827
1.236401 -0.707659
0.246232 0.857820
0.816136 0.711162
-0.700380 0.475710
-0.623961 -0.545286
0.741919 -0.459533
0.838345 2.216497
1.381694 0.589484
0.174011 0.661345
1.364839 -0.656144
-0.464693 -0.659989
0.480907 -0.249403
2.372813 0.148979
0.775624 -0.451466
-0.558381 0.544137
-1.553278 0.595596
-0.374733 -1.343789
0.150444 0.628243
-1.055933 -0.867466
-1.150135 -0.463421
-1.240179 -0.999459
2.175963 -0.272625
-0.015599 0.965453
-0.841251 0.481815
0.568569 0.018104
-2.679661 0.447268
-0.487067 1.651951
0.383473 0.705077
-0.931720 -1.474260
-0.526233 0.226123
-0.622147 0.709506
0.254761 -0.059833
-0.742413 0.409470
-0.676046 -0.593553
-1.053639 0.785700
0.773606 0.000890
1.066436 -0.329549
-1.430108 0.881051
-1.483744 0.502358
0.081610 -1.723536
-1.192842 -1.013735
-0.786830 -1.077516
-0.463155 -0.362968
-0.393138 0.926272
-0.516940 0.253110
-2.084294 0.473729
0.579716 0.198199
0.153050 -0.403711
0.624973 2.717761
-1.372838 2.536340
0.187355 1.972942
1.140965 0.136067
0.229463 -0.552231
0.156129 0.435613
0.729121 1.263340
1.562566 0.814550
-1.302119 0.394052
0.113310 -1.249186
0.291509 -0.383006
-0.090775 0.353386
0.064003 1.379691
0.362627 -0.335069
0.230867 -0.343254
1.599582 1.271740
0.315991 -1.769141
2.384895 0.840997
0.697638 -0.464233
0.299763 0.824399
0.637146 -0.557563
1.431911 1.015918
0.375326 -0.705166
-0.634337 -0.838267
-1.020324 0.110878
0.917840 -0.606203
-0.774420 1.205310
-0.952008 2.119857
-1.185885 -0.537839
-1.329178 1.945068
0.843774 1.649563
-0.166949 1.079409
-0.828442 1.462841
-0.180498 1.472103
0.048954 0.397056
-1.992448 1.743919
-0.540504 0.399037
-0.354137 -0.655475
1.883310 -1.728844
1.733751 0.248019
0.482300 1.140906
1.154009 -0.390595
-0.405175 0.290101
1.317805 -1.026437
-0.632675 0.482252
-0.132805 0.431742
-1.104436 -0.070300
2.505800 0.074499
-1.053769 -1.080629
0.041848 0.485120
1.531498 0.557956
-0.182241 -1.611533
0.206661 0.173965
0.034387 1.173668
0.414025 -1.038873
0.348841 0.087099
-0.643984 -0.358410
-1.234999 -0.308229
-0.595291 0.440014
0.311782 -0.902454
-0.034069 1.808167
2.158146 -0.561765
-0.591789 0.841184
-0.211900 1.414915
0.711661 -0.253875
2.103915 -0.040752
-0.042855 0.562928
-1.814986 -2.673552
-0.716036 1.695181
0.564698 -0.251359
1.415682 1.440396
0.481121 -1.165439
0.308009 1.347688
1.814664 1.550900
-0.044913 -0.345444
1.253657 0.957303
0.166078 0.449482
-0.440023 0.749916
0.229431 1.049163
-1.002780 1.617435
2.301690 1.698242
-0.464669 0.466924
0.087557 -1.232851
0.465089 -0.583892
0.470166 -0.894487
-0.793438 -0.833896
-0.962520 0.973518
-0.084512 -1.396331
0.692780 1.187713
1.108960 -1.001667
1.114624 -2.359224
1.178840 1.429219
0.869022 -2.388531
0.481919 1.735226
-0.657087 -1.277635
-0.219229 -2.688885
-0.703032 0.283114
1.797780 -0.293520
-1.109084 0.029249
-0.146403 0.303451
1.157002 0.031734
0.736526 0.033212
0.759473 0.798352
-1.704635 -0.022719
0.153607 0.046308
0.505436 -0.735541
1.065405 1.126416
-1.792347 -0.419319
0.768022 2.767443
0.720286 0.898959
-0.447756 1.041604
-0.320633 1.269408
0.393475 -0.661112
0.203903 0.445889
-1.753680 0.699970
-0.180579 0.427969
-0.178089 -1.390608
-1.881425 -0.290716
1.227463 -0.018125
1.172568 0.445107
1.093632 -0.013422
0.072348 -0.416112
0.548503 0.720952
0.714562 2.120873
1.375769 0.423406
-0.354657 0.026401
0.087730 -1.593920
0.637208 0.439892
-0.108953 -0.319426
0.206843 0.346475
-1.763843 -1.242035
-0.413263 0.392195
-0.583464 0.328695
-0.700107 0.396000
-0.614599 -0.563213
-0.830236 -1.123783
-0.351311 -0.943843
0.142024 1.572443
-0.660662 0.531383
-0.408972 0.993639
-0.765638 -0.039896
-1.294441 1.342289
-0.644316 -1.019501
-1.579189 -0.400248
1.221379 -0.276740
0.546104 -0.577155
0.787283 0.031720
-0.193857 0.282287
1.080549 0.114174
-0.150042 -0.542872
-0.684895 -1.070933
0.499031 -1.612967
-0.320417 0.528512
-1.213282 -0.478350
-0.827662 0.465011
-0.993235 1.439199
-0.826282 2.472032
-0.421470 -1.407551
-0.260144 -0.876730
-0.370055 1.776081
0.873736 0.686222
1.915088 0.367222
-0.205565 -1.988335
-0.756746 1.557053
1.070961 0.018690
0.508083 1.317299
0.487790 -1.000000
-0.652520 1.686481
-1.221407 -2.035727
0.956746 -1.018162
0.508860 -1.315556
1.043800 0.336200
-0.835547 -1.522004
0.147127 0.282534
-0.146624 -0.115544
-0.123402 0.960658
0.711032 0.695423
0.738282 1.072629
1.988825 -1.916275
-0.301752 -0.886900
-0.331547 0.290641
-1.135206 0.349966
0.626875 -1.015243
-0.166267 1.552897
1.454640 -0.556015
0.940858 0.429215
0.564581 1.148469
-0.266843 0.081144
-0.945679 0.790348
-0.008729 0.369291
1.185475 1.031796
-0.143833 -1.048063
-1.610636 -0.509754
-1.702482 -0.374951
-0.661605 -0.309750
1.434969 1.832319
-0.174428 -0.600500
0.334180 -0.444707
-1.215679 0.232747
1.137906 0.283417
0.844951 -0.169256
0.225444 -0.371297
1.171264 2.130143
0.487822 -0.531664
0.202439 -2.198982
0.315977 0.920886
2.285775 0.085509
0.174144 0.288427
-1.810205 0.634636
0.032789 1.043903
1.336697 -0.253658
-1.248285 -1.084152
0.824173 0.173164
-1.159550 -0.264718
-1.592314 -0.119762
-0.120656 0.861998
0.988939 0.489989
-0.631070 -0.765854
-2.304943 0.532719
1.381254 -1.171805
-0.730454 -0.812055
0.728123 0.181353
1.020356 0.665233
-0.702921 0.802241
-1.407845 0.883055
0.140692 0.170707
-0.138896 1.002104
-0.269129 0.423501
2.143957 -0.377955
-0.521220 0.257689
0.329661 -1.295210
0.782188 -0.601093
1.118381 1.005902
-0.233842 -1.414768
0.020786 -0.192909
-1.088807 0.936888
-0.789637 0.906808
-1.013930 -0.678779
0.355732 1.503319
-1.547954 1.113266
-0.980395 -0.450548
0.990575 -1.254431
-0.257001 -0.773817
0.595744 -0.965654
-0.463645 -0.697843
0.081675 0.738084
0.090985 0.142720
0.171162 0.160359
-0.934007 0.055676
1.303165 1.137748
0.076800 -0.165337
-1.560951 -0.200284
0.548964 -0.697112
-1.431394 0.373910
0.157031 2.935032
-1.013834 -0.989868
-1.415649 -0.743322
0.270680 -0.678057
-0.761630 -0.030467
0.735010 -0.509075
0.014582 -1.363986
-1.109005 0.439943
-0.674329 -0.042273
-1.341751 0.571682
1.163376 1.065493
-0.630120 -0.585716
-0.366796 0.299801
-0.058726 -0.370745
-2.307789 -0.603316
1.565353 0.132386
0.705033 0.393007
-0.420597 -0.697370
-0.519147 -0.517284
0.622303 1.956788
1.445966 -0.178067
-0.625575 -0.546908
-1.766871 0.528047
-0.349865 0.768383
0.097298 -1.584907
-1.284746 -1.157096
-1.766666 0.530940
0.440092 -0.826850
-0.387142 1.766298
-0.393217 -1.994253
-0.575059 0.541566
-0.717314 0.420755
-0.900801 -1.548781
-0.835252 0.357582
-1.030110 0.470528
1.288379 0.063296
-0.579863 0.233901
-0.174276 0.322272
-1.680061 0.098209
1.089542 -0.626937
0.695822 -0.847245
-0.650971 -3.008592
-1.315618 0.144755
1.069450 0.890486
-1.341465 2.346637
-0.970518 -0.009585
0.218232 -0.241817
-1.130350 -0.893562
0.496321 -0.116767
0.729190 0.813939
0.005497 1.711463
1.782096 -0.091320
0.238238 1.953874
-0.417652 -1.001607
0.322992 0.309186
1.574048 0.713701
0.368083 -1.408810
3.048151 1.418896
-0.297608 -1.676434
-0.747985 -0.692873
-1.496357 1.082265
-1.352955 1.785062
2.048841 0.344198
-0.478141 1.253611
0.584002 -0.113610
0.095893 0.937187
0.538652 -0.648992
-0.502406 -1.403874
-0.032809 -0.366778
-0.679449 -0.563435
0.600763 0.694870
-0.355557 0.320600
-2.004854 -0.889411
-0.351002 1.269975
0.480166 2.515182
-0.304148 1.327863
-1.547531 1.396461
1.215403 -2.032339
-0.576988 0.342621
1.255056 0.185438
-0.143634 -0.612495
-2.145016 0.096930
-0.374628 -0.199097
-1.920797 0.736519
-0.812904 0.914945
-0.471566 1.438274
1.241376 -1.554189
-0.034507 0.774328
0.068410 0.569228
-0.301199 1.367919
-1.302307 -0.476013
0.714214 -1.392322
0.098928 0.367666
0.691090 -2.545070
0.598484 0.552153
1.205001 0.284958
-0.051914 1.732166
0.091251 -0.030185
0.060707 3.205570
-0.804164 1.344391
-0.787119 -0.327905
0.071877 1.353163
1.271610 1.469093
0.817378 -0.934497
0.926498 -1.125039
0.080344 0.469567
0.102373 -0.161196
-0.188517 -1.760702
0.683939 -1.180867
-0.807851 1.161502
0.031442 -0.756063
-0.483511 0.287992
-0.858340 -1.977890
1.361068 -0.721503
0.059050 1.622203
-0.021551 0.252943
0.574056 -1.719079
0.241877 0.720188
-0.582790 0.721242
1.018478 1.636093
-0.254637 -0.099210
-0.410222 -0.189093
-0.184418 -0.814464
-0.272225 1.209791
0.002832 0.391294
1.194819 -0.812379
-0.373461 0.051052
1.326002 0.023904
1.359305 1.372466
0.426340 0.035974
-1.936839 0.284086
0.693019 -0.557299
-1.500431 -0.901510
0.436904 2.087899
-0.705714 0.291296
1.128856 -0.986710
-0.762377 0.158120
1.554032 0.650016
-0.627294 0.835934
-0.665550 -0.170588
-0.993340 0.158760
1.067765 1.541811
1.235178 -0.277626
-1.300936 0.609376
-0.087373 -0.737159
0.793314 0.609159
-1.243222 1.115387
-0.703346 -1.284107
-0.861279 0.258122
-1.513173 -1.517605
0.360327 -0.746670
-0.475310 -0.174664
0.033145 -1.419487
-0.123250 -0.916339
-0.672821 0.181279
-0.774067 1.286225
-1.774517 -0.746842
0.373916 0.149953
-0.836630 0.406265
1.234787 0.971703
-0.146232 -0.343622
-1.404644 1.736979
1.365281 -0.595524
0.709928 -1.343119
2.074475 -0.373915
1.543559 0.306427
-0.282779 0.022196
-1.965072 0.342342
-1.335684 -1.229677
0.478719 -0.512001
-0.097823 0.907071
-0.274342 0.956095
-0.177624 -0.125536
0.715210 -0.710324
-1.986951 -1.676179
0.305876 1.664523
0.393549 1.388087
0.064592 0.337640
-1.043284 -1.122054
-1.038273 1.042912
-0.052477 -0.745990
-0.927589 1.820734
2.104430 -0.762118
-0.132097 -0.617382
-0.461883 1.658764
1.651949 0.790664
-0.810959 -0.242363
0.411708 -0.929848
-0.742115 -1.976380
1.429843 1.495556
0.405683 -1.583725
-0.017498 -0.968091
-1.396528 -0.347405
-0.734995 0.433592
-1.643736 -0.049973
0.847669 0.651155
-0.906321 0.794806
-0.121249 -0.248508
0.068350 0.647168
1.405990 1.943749
1.948465 0.513972
0.466932 1.419084
-0.905188 -0.603973
0.815498 0.479293
1.660308 -0.063067
-1.076184 -1.169971
0.232908 -1.934859
-1.464932 0.608626
0.374061 -0.089064
0.717354 -0.227718
0.975107 0.920611
-0.920536 -0.581833
-0.564434 -0.277573
-2.219232 -0.597473
2.298501 -1.174742
-1.205276 0.682347
0.962604 1.438343
-0.865020 0.608372
0.189393 2.652369
1.084079 0.455890
-0.318714 -0.657697
-0.631869 0.089093
0.681046 -0.591383
0.580128 -1.117703
0.190490 -0.786149
0.957719 0.854447
-1.784028 -0.874365
0.638434 1.493452
0.310852 -0.012703
-0.567500 -0.791085
0.466536 0.449862
0.726573 -0.264074
1.182294 -0.272655
1.405016 1.148165
1.197996 -1.838488
-1.450805 0.017388
0.867249 -0.258734
1.415982 0.373512
0.356534 0.021630
0.092112 0.706881
-1.588783 2.049289
-0.208735 0.027230
-0.088541 0.007052
2.210765 0.396730
-0.557600 0.582891
0.847034 0.106619
-1.422955 0.373164
1.115850 -0.473537
0.487590 -1.018857
1.384342 0.259401
-0.156606 0.536839
0.640802 -0.377280
0.913185 0.364390
1.351817 -0.194705
-1.613985 -0.405775
-0.060091 -1.541061
0.596125 0.139282
0.912010 -0.733691
0.876719 0.123874
0.707932 0.156412
-0.938046 0.229154
1.518259 -0.546546
0.151553 0.112089
-1.056931 0.987752
0.682976 0.605577
1.019449 1.503243
1.000929 0.136729
-0.593205 -0.577850
-0.037455 0.317047
0.226795 1.320918
-2.087887 1.407039
0.017646 1.183480
0.070620 0.807806
-2.390880 0.204742
1.753681 -1.956746
0.942844 -0.655971
0.593156 0.196842
1.674951 0.035977
-0.050203 -1.643514
1.101106 0.328272
-0.065615 0.635856
0.051634 -0.928367
0.737054 -0.114106
-0.255456 -0.995279
0.682515 -0.635518
0.797037 -0.018496
0.393513 0.188623
-1.420956 1.028144
-0.159559 0.134551
-0.471132 -0.931383
0.155993 2.276768
0.318320 0.276626
1.987981 -0.556738
1.254479 0.442103
-0.431612 -0.396593
-1.099026 0.115168
-0.163973 -1.004019
-0.744042 0.581714
-0.264970 -0.331023
1.738422 0.527726
0.186934 1.443199
0.288617 -0.960187
-0.987491 -0.183177
-0.496596 -0.619659
1.086164 -0.280728
0.220804 0.319880
0.195636 -0.157632
0.260612 -0.127635
0.183273 0.031802
0.103672 1.212686
-1.063548 0.135427
1.333850 0.198126
1.618688 -0.301385
0.195182 -0.147273
0.619769 0.157018
-0.180019 0.797879
-0.623783 -1.321289
-1.488360 1.024742
-0.868444 2.442921
0.271241 0.769772
-0.242332 0.083552
0.445894 -0.334838
1.988163 1.593788
-1.842984 1.596321
0.690216 0.873377
2.434261 -0.432502
-0.976050 -0.918144
0.220413 -1.199446
-0.816782 -0.096533
-1.075402 0.967431
-0.315687 -1.391723
0.457827 -0.567371
-0.716004 -0.736794
0.786002 -0.731316
-1.555171 0.477150
1.512487 0.646657
-0.826775 0.782820
1.367648 2.259289
-0.230197 -0.698929
-1.447200 3.404302
0.223311 1.046139
0.920120 -0.217217
0.733884 -0.879744
-0.682326 -0.862883
0.960671 -0.588418
-0.008373 1.353973
-0.019521 -0.995491
1.423584 -0.186962
-0.857093 0.005835
-0.805389 -0.376502
-1.060898 -0.428648
0.572119 0.114946
-0.873883 1.982401
-2.764296 0.175953
0.710797 0.055586
-1.088127 2.513991
0.442818 1.096423
0.308307 0.828548
-1.702076 -0.602965
-0.172429 0.632844
-0.052010 -0.365446
0.408670 0.851849
-0.012585 -0.719190
-0.276849 -0.353021
0.007939 -0.419189
1.112158 0.754306
-0.020962 -1.876654
-0.732667 -1.213217
0.981780 -1.378886
-0.507017 -1.453551
0.470139 -0.247031
0.124043 -0.766452
1.271593 0.280437
1.078707 -0.528041
-0.407555 -0.240216
0.233466 0.509761
-0.593638 -0.280849
0.819854 0.841559
1.087948 -1.360494
-1.171232 -1.239492
1.342597 -1.276356
-0.719915 0.847192
-0.385985 -0.639704
-0.711896 1.898113
-1.553911 -1.111233
1.215720 -1.081282
0.078592 -0.126412
1.209770 -1.412361
0.114668 -2.112859
-0.365685 -1.500997
-1.163923 1.276119
-0.813726 -0.259084
0.767532 0.415773
-0.786142 1.287219
0.003444 -1.217525
-1.050041 0.045433
-1.893415 1.417579
-0.688502 -0.262943
-0.273220 0.020339
0.504033 0.322038
0.145970 0.781687
-1.667319 0.720240
-0.544058 -1.597072
-0.713290 -0.113160
-0.290087 0.217880
-1.139150 1.154378
0.174620 -0.241994
-0.668838 0.405184
0.656368 -0.346492
-0.724266 1.278318
-1.175224 -1.263469
-0.951650 -0.478237
0.439027 -0.523217
0.523870 0.728053
0.868296 -0.381322
0.889211 -0.466359
-0.997780 0.736925
1.592500 0.123616
0.487529 -0.091064
-1.430145 0.069299
0.208166 0.024582
1.288340 0.180270
-2.958887 -0.147356
-0.600329 -0.303274
0.158913 -0.470473
0.716736 -0.421432
0.155144 1.533690
1.660052 -0.074537
0.982799 -1.309942
0.570189 -0.475143
0.022781 0.699622
-0.315392 0.008620
0.646324 -0.897509
-0.893586 -0.357662
-0.805327 -1.239778
-0.290487 1.802564
-0.057795 -0.316728
0.745924 0.223940
-0.731652 0.980081
-1.619097 -1.406207
-1.014491 0.343047
0.567520 1.071705
0.385685 -0.735475
-1.317021 -1.835905
2.882826 -0.249932
0.431261 -1.206895
0.367182 1.018927
-0.123545 0.648161
-0.282157 0.604251
-0.570452 1.563701
-0.510077 1.823723
0.213039 0.368967
-1.143447 -1.300478
1.770895 1.620650
0.927728 -0.493614
1.264914 -0.994626
-0.201752 -0.200335
-0.967075 0.185535
0.272254 0.995829
0.053317 0.450204
1.387452 -0.902671
0.713046 2.643964
1.357952 0.866894
-1.165636 -0.217147
-0.677705 -0.418413
0.071122 -2.396091
1.965132 -0.784588
0.067389 1.023864
0.539897 -0.288192
0.729657 1.813646
-0.203534 0.798066
-1.344501 -0.518797
0.336380 0.336525
-0.169457 0.049090
-0.462555 -1.606214
0.052676 0.154971
-0.168267 0.574353
-0.279244 -0.744107
0.154937 -1.336785
-0.129340 0.725344
-1.195217 0.270209
-0.176705 -0.500409
0.906138 2.362815
-0.504404 0.705700
0.190076 -1.243941
-0.867185 0.035022
1.210914 0.458866
-0.686413 -0.143876
0.094992 -0.590537
1.339396 0.503739
0.814756 1.758449
0.012044 -0.040321
0.992970 -1.263929
0.585972 0.649552
-0.859027 -0.601453
-0.413624 0.634629
0.150716 -0.581410
0.418354 1.261661
1.358024 2.713687
1.568303 1.676690
-1.110163 0.651188
-1.597639 -0.477137
-0.814561 0.986606
-1.328920 -0.193879
-0.368897 0.167734
-1.312848 0.111664
0.395268 0.065391
2.760468 0.950286
-0.371334 0.680114
-0.169696 -0.389602
-1.041189 0.154145
-1.241558 2.735083
-1.482025 0.613396
-1.127517 -0.991850
-1.673968 -0.547510
2.728947 0.024595
0.568303 0.420655
0.937732 1.179587
0.652398 -0.771778
1.205481 0.126674
0.363882 -0.038661
0.074322 0.750520
0.763447 1.271613
0.184961 -1.141467
-2.364157 0.196518
0.301460 -1.393905
0.770564 -1.257642
-1.016317 -0.591436
-0.157806 0.400540
-1.767245 -0.905146
-3.888812 -0.071221
0.916340 1.456409
1.478842 1.355982
-1.011117 1.194975
0.023524 -0.388059
-0.183741 0.886122
-0.867173 1.230615
0.511390 0.253867
1.449317 0.458851
-1.311223 -0.459134
0.561082 0.595724
0.312399 0.424641
-0.179715 -0.222758
-0.317956 0.987644
-0.630579 0.969538
1.539281 -0.059061
0.012265 -0.492879
-0.612988 -0.376349
0.133636 -0.631377
-1.151002 -0.461976
0.199829 -0.996834
-1.864836 1.968220
-1.827353 0.274832
1.965468 0.743506
-0.148872 -0.256527
0.019445 -0.426238
0.485057 0.315047
0.334470 -1.793035
-0.633722 0.569657
-2.202605 1.485577
-1.166050 0.001900
1.716690 0.744108
-1.055925 -0.377258
1.863167 0.520628
-0.662436 0.235671
-1.897085 1.781796
0.139277 0.329115
1.955785 1.669563
-0.955439 1.307890
-0.587881 -0.082661
-1.146008 -0.242964
-0.634397 -0.155105
0.135788 1.667449
0.212009 -0.061131
0.267018 0.161655
-2.087785 -2.055705
0.039844 -0.202584
-0.321608 3.446373
-0.279762 -0.673828
1.451666 0.684568
-0.901316 0.082932
-0.122985 -2.078254
0.115689 -1.278141
0.762539 0.719646
0.056584 -0.005990
1.447892 0.840915
-0.463715 -1.362080
0.896280 -1.650218
-1.371055 0.336605
0.048594 0.680542
-0.551622 1.461394
-1.989240 0.546615
0.201801 0.872952
-0.176168 0.242323
-1.046955 0.227214
1.267928 -0.068142
-0.303719 0.713690
0.454272 -0.668472
0.402758 -0.660183
0.089272 -0.364147
-1.122716 0.628520
-0.805695 -0.972065
-0.156594 -2.308251
-0.643317 0.954314
-0.533028 -1.410496
-2.079785 0.363148
0.853706 0.943784
0.538963 1.379214
0.141926 -0.175127
-1.345330 1.642909
-0.217625 -2.366417
1.181621 -0.729685
-0.234717 0.237399
0.315863 0.637271
-0.044375 0.935270
-0.173872 0.657995
-0.167283 -1.521036
-0.831402 0.891770
0.163203 -1.424825
-0.653073 -0.354824
0.408824 -0.347911
0.301799 -1.528296
0.665286 1.453352
1.861592 -1.547653
0.111419 -0.305872
-0.997073 -0.844402
0.762528 -0.793603
-0.360933 -1.754184
0.334130 0.401008
-2.108538 -0.011927
-1.789175 1.143387
-1.414522 -0.839590
0.047251 0.009390
-0.179593 -1.653388
-1.960239 0.976628
0.637981 -1.605300
1.274557 0.301665
-0.851859 -0.399222
-0.486376 -0.368676
-1.834492 1.317206
0.681415 1.396262
-0.170207 -0.642132
0.251035 -1.203112
1.148106 0.592907
0.542871 0.480049
0.825155 -0.954042
0.442150 1.649548
-0.508533 0.330642
-1.060946 0.324179
-0.973891 0.177565
1.187204 -1.018193
0.773610 0.527293
1.216756 1.942962
-1.467923 -0.237209
1.388821 0.746138
-0.592937 0.787002
0.945826 0.987777
-2.698180 -0.550985
1.074679 -0.712159
-2.695652 1.165682
0.582682 -0.945698
-1.063910 -0.693193
1.259328 0.921353
-0.236134 1.288476
0.483433 0.833574
-1.203941 -0.967593
1.191367 -1.541865
-0.282394 1.905578
-0.417552 1.023393
-0.932050 -0.834922
1.715876 -3.668198
0.901029 1.319889
0.914171 -1.390645
0.021682 0.698821
0.398636 1.741150
1.576994 0.248167
0.542317 -0.542759
-0.261852 0.906009
0.747437 0.317531
-1.446049 0.025652
-0.688088 0.710517
-0.225794 0.079696
-0.087423 -0.037566
1.511063 -0.336289
-1.552308 -0.758215
2.338454 1.510563
-1.115844 -0.525549
2.202753 -0.038018
-1.064527 -0.245173
-0.228746 0.838267
0.236705 0.831844
0.127578 -0.161561
0.458860 -0.896214
0.775492 -0.912772
-1.743589 -1.398551
0.907915 1.162533
-0.382569 1.113222
-1.689237 -0.811899
0.315233 -1.464381
-2.373567 -1.153722
1.780887 0.671731
-0.382072 0.045527
-1.150801 -0.886295
0.737548 -0.983448
-0.929136 0.262033
-1.370024 0.997711
0.234476 -0.139691
-0.287703 -1.606318
-0.073174 0.157809
-1.418923 0.318211
0.279075 -2.032086
1.005381 0.580307
0.058723 0.307922
0.832705 -1.144251
0.252876 -0.636292
-0.141984 0.834146
2.025073 -1.236105
-0.094087 -0.066145
-0.166914 -1.239173
-1.629134 0.275134
0.903126 -0.829373
-0.500845 -0.253017
1.353797 -0.936501
0.291802 0.803943
1.304820 0.145973
-1.130531 -0.411998
0.549380 0.569360
1.296240 -0.354452
-1.377416 0.772494
-0.361707 0.169767
-1.773168 0.299809
2.227380 0.628391
-0.643976 1.479263
-0.361157 -0.077148
-0.136420 0.716452
-0.687246 0.536461
0.570906 0.552407
0.442249 0.341209
-0.034369 0.295786
-1.172258 -1.241055
-1.618934 -1.406611
1.546519 -1.690055
0.052179 -0.284565
0.094555 0.248122
0.196504 1.193851
-0.126297 -2.080111
0.772876 0.863035
-1.130673 -1.038137
-0.632865 0.106756
-0.724793 -1.196545
0.944901 0.964351
1.230783 -0.564617
-0.831645 -0.100716
-1.145579 -0.452673
-0.667892 -0.757269
0.865514 1.413827
0.267536 -0.477627
-1.581298 0.912929
-1.902684 2.339978
1.113173 -0.046774
1.899585 -0.085292
-2.057615 0.117903
-0.233296 -0.523779
-0.132377 -0.022409
-1.007920 -1.026500
-0.356051 -0.444459
-0.457055 -0.812497
0.524998 1.141100
-1.352891 0.492151
0.158054 -0.598369
0.259734 0.413695
-0.272690 -1.090157
-1.593414 0.810721
-0.633192 0.007953
1.635846 0.340100
-0.298897 0.418179
0.736726 0.633318
-1.251594 -2.392836
-1.153651 -0.335643
1.903814 1.002209
1.663381 0.485501
-0.566810 0.370546
0.176694 -0.293667
1.526691 0.214218
-0.498502 1.476313
0.234619 -0.109762
-0.872196 -0.192441
1.634545 -0.277499
0.664080 1.452925
-0.210652 -0.525491
-1.828300 0.031380
1.947878 0.336845
0.660454 0.015453
-0.574481 -0.228279
-0.258761 -0.495170
-1.784040 2.194925
1.328321 0.268202
0.479082 0.975019
0.415494 0.271454
0.484802 0.418698
-0.654412 -0.108069
-0.460701 0.376554
0.277948 -0.041721
-2.857974 1.366215
0.395944 -0.221110
1.291882 -1.794678
1.159223 -0.143884
-0.402315 -0.217386
1.154190 1.023390
-0.363512 -1.269611
-1.038913 -0.365349
0.059070 1.104075
0.994650 -0.552949
-1.327071 0.429265
-1.565269 0.741261
1.313654 -1.009912
-0.580038 -0.334132
1.058935 -1.164370
0.031892 0.395378
-0.366603 0.582547
-1.107693 0.101921
1.273643 1.162448
0.151145 2.635531
-1.033699 1.753213
1.256520 -0.592542
0.939322 -0.339971
0.449104 1.485832
-0.376677 0.365382
0.433270 0.211268
1.310572 0.058090
-0.371186 0.379190
-1.309687 -0.842282
0.515592 -0.096306
-1.149660 1.923662
-0.404341 -0.292682
-0.072922 -3.417789
0.108773 -1.523310
0.437235 -0.255175
-0.687706 -0.319562
-1.507938 0.987864
0.321611 -0.082794
-1.671073 1.313738
1.354420 2.457660
0.311818 0.944007
0.953362 -0.825285
0.636865 -0.406392
0.489502 -0.064478
0.783971 2.542581
0.340375 1.606614
0.485992 0.167615
1.091550 -1.056180
-1.234826 0.203188
-2.106822 -3.235240
1.010388 -0.355863
0.150496 -0.638178
-0.166550 -0.430949
-0.001680 -1.062026
-1.078137 0.342587
-0.722714 -0.151196
0.634577 -0.343437
0.154990 -0.620882
-1.482302 -0.008101
0.600074 -1.025161
-0.360586 -0.032830
0.403509 -0.371127
-1.569218 -0.589315
-0.478922 0.279811
0.992288 1.011548
1.856530 1.707542
0.301524 0.790320
0.025487 1.178664
0.840294 -1.006911
0.863499 -0.865198
0.377455 -1.300852
0.637936 -0.446199
-0.699221 -0.171096
0.127988 1.674837
-2.075995 1.408306
2.149987 0.805775
0.352319 0.232210
-1.616184 -0.595311
-0.443401 -0.785755
1.307394 0.837091
1.219262 0.773757
0.845465 0.754006
0.858667 -0.482540
0.786204 -1.380531
-0.981696 1.017593
1.034299 -0.395345
-1.465284 1.278051
-1.330154 0.712156
0.600528 -1.137199
-0.154935 -0.899799
-0.893873 -0.158198
-0.567321 1.855727
-0.348106 1.592581
0.691455 -0.807561
-1.139865 0.094310
-0.374913 0.956431
-1.250962 -0.252957
-0.994082 -1.481994
-0.518597 -0.967847
0.699731 -0.181424
-0.759579 0.178625
-1.297902 -0.809939
-2.018427 0.448188
0.207945 -2.609172
-0.031738 0.045913
0.086917 -0.946120
0.477003 0.174818
-0.117786 -1.302699
0.175410 0.836660
-0.728138 0.212602
-1.705964 1.320645
0.605127 0.041839
-1.860779 1.348558
0.189231 -1.201351
-0.173092 0.937384
-0.710725 -0.360756
0.198257 0.282901
-0.232541 0.022296
-1.038363 -0.379537
0.741430 0.788115
-2.001099 0.878576
1.150302 -0.679931
-1.523745 0.419332
0.674771 0.396061
0.476370 -1.442177
1.556009 0.169544
0.956924 0.354249
-0.803484 -1.363952
-2.013662 1.024055
-1.295215 -0.334361
0.229406 -0.319077
1.254459 1.861283
0.039202 0.670072
-0.672371 1.218114
-1.022824 0.252568
-0.044591 0.789461
0.177866 0.717791
0.025232 -0.535046
-1.369512 0.162923
-1.882334 -1.147739
-0.140220 -0.918247
-0.141921 1.388347
-1.805084 1.062999
-0.207999 1.399861
0.613255 0.557993
0.777937 0.257666
0.193481 -1.391019
-0.105589 -0.425237
-0.405138 1.053101
1.600360 -2.010740
-0.177997 1.615610
-0.946432 0.544710
-1.102050 -0.601226
0.906806 -0.603922
0.566145 0.869192
0.940586 0.108514
-0.950224 0.216355
0.568388 -0.188986
-0.296268 -0.866423
-0.627705 0.684776
0.120556 -0.974718
-0.669447 0.279336
-0.117163 -0.585919
0.252370 -1.241626
-0.144278 -0.720081
0.994519 -1.869375
-0.558579 0.877121
-1.545824 1.098743
0.475312 2.611916
0.895537 0.043308
0.560636 -1.727261
-0.338998 -0.767820
-0.130252 1.060628
1.068082 -1.593966
-1.656083 1.046742
0.545354 0.044016
-0.523954 0.152984
0.644948 -0.778276
-1.410750 -1.735662
-2.024606 0.814867
-0.837596 -0.735390
1.305144 0.308640
-0.644177 1.216183
-0.482098 -0.132275
-0.614822 -0.453358
-0.169305 -2.275817
1.298374 -0.002988
-0.663539 0.359852
0.788650 1.559456
0.082875 -1.186231
-0.739156 1.135049
0.159327 -0.463765
0.435485 0.077202
-0.470659 -0.037397
0.105487 -0.693914
-0.304947 1.337240
1.384968 -0.738601
-0.488660 1.236131
0.681799 1.048950
-0.582618 -1.807374
1.565628 -0.358529
0.550985 -1.494739
-0.888519 -0.963353
-1.085913 -0.768092
0.804711 -0.008950
-0.909615 -0.242648
-1.825833 -0.747098
0.476543 -0.548635
0.686338 0.686107
-0.078247 -0.072120
-0.782740 -0.848012
-2.374330 0.679936
-0.295443 0.424257
-1.648237 -0.034297
1.184578 0.325139
-0.100734 0.952913
-0.448686 0.737214
1.186970 -0.375792
1.057265 -1.437705
0.925035 0.811689
-0.482872 0.822580
2.190238 0.825653
-2.678197 1.450451
0.510295 -0.668335
0.814352 1.341203
-0.423832 0.190266
0.733977 0.044388
-0.297524 -0.259808
-0.791957 0.775909
-0.801620 -0.025756
-2.898212 0.512354
1.211131 2.045622
-1.212210 -0.212620
1.204582 -0.442258
0.688770 0.466570
-0.448060 0.317698
-0.406021 -0.168322
0.120393 0.499370
-1.053648 -0.353139
2.432391 -0.604347
-0.552746 0.859208
0.082136 1.641366
0.405738 -0.035411
2.441284 -0.658511
-0.060529 0.314280
0.159651 1.631337
0.199765 1.027138
0.813188 -1.131050
0.830000 0.830676
-0.724564 -0.437994
0.615767 0.343866
-0.771337 0.413349
0.240799 -0.370159
0.533418 -0.206357
1.244050 -1.382759
1.287718 -0.861531
-0.633468 -0.747783
-0.900049 1.037213
1.390633 -0.769598
0.232715 1.035596
1.469365 1.181143
-0.167998 -0.208072
-0.564412 0.908034
-0.298495 0.827575
-2.241859 0.004514
-0.328727 -1.353813
0.682458 -1.752364
-0.905596 -1.591951
1.025045 0.879119
0.331053 1.292381
-1.489436 -0.599803
1.835984 -0.729762
0.216589 -0.495055
0.997387 1.316194
-2.299145 0.750524
-0.365242 -0.462621
-0.326624 -0.831364
-0.260544 -0.989066
0.819728 1.377296
1.697409 0.546362
0.145600 -0.419873
0.637067 1.476138
-1.039386 -0.406339
0.357984 0.599908
0.869284 0.612492
0.930970 0.095121
1.681044 1.395372
0.770030 -1.139218
-1.474189 0.863196
1.189983 -0.216375
-1.463382 0.018942
1.431891 0.317517
-0.937441 -1.144350
-1.026442 0.342270
-0.153424 0.360521
0.981893 1.054201
2.190312 -0.443121
0.485549 -0.345610
1.005157 -0.794438
-2.523359 0.518311
-0.046998 0.146178
-1.194733 1.011403
-0.093376 0.678474
2.572959 -1.127003
0.195068 -2.611966
0.011393 1.457934
-0.195727 1.886105
-0.205788 -0.794800
-0.763937 1.015589
0.324851 -0.219508
-0.383933 -0.881463
0.602415 0.623127
-0.521235 -1.983323
0.443847 -1.815009
-0.815866 -1.196368
-0.459060 -0.775530
0.926685 0.015639
-0.568395 0.495958
1.103535 0.640635
1.777242 0.625185
0.198708 -0.052620
-0.614416 0.329409
0.088232 1.269928
-0.737980 -0.099008
0.851126 0.005549
0.740139 1.078867
-1.279602 0.369096
0.245018 0.343146
-0.337841 -0.045061
0.804108 -2.308832
0.920232 -0.192057
-0.769231 0.775637
-0.045730 0.315247
1.843293 1.342095
1.805490 -2.029382
-1.772236 -0.966847
1.414084 -1.132248
1.337998 -0.308022
1.313207 2.804569
0.787675 -1.036556
-1.777807 -0.484486
-0.415767 1.222011
1.531781 0.922546
0.243464 -0.366214
-0.221127 -0.476648
0.455749 -0.192068
0.085697 1.009260
-0.021973 -0.805353
0.833021 -0.229848
-0.143346 -0.206943
0.258653 1.291557
-1.265353 0.709327
0.220473 1.768647
-0.977871 0.909660
0.670138 0.776617
-0.430491 -0.412168
-0.298911 -1.299277
-0.120090 0.009843
-0.250863 0.541835
-0.615004 0.600466
0.022598 0.952156
0.193634 0.725177
0.794008 1.083198
-1.360429 0.351752
-0.931627 -2.098114
0.207436 0.632475
1.306818 0.201287
1.296604 0.082906
-0.297480 0.162217
0.196162 0.733515
-0.554654 0.237958
-0.229843 1.644352
1.534338 0.341778
0.490772 -0.473232
1.067487 2.134140
-1.221807 0.344065
1.316668 0.486277
-0.650143 -1.204457
-0.885288 -1.704439
-0.076914 -0.573505
0.528735 -0.627680
0.904132 -0.475290
-0.777432 0.272224
-0.900119 1.797381
-0.263398 -0.704345
0.247933 0.022741
-0.627705 -1.459442
0.444276 -2.115034
0.674420 -1.871512
-0.831835 -1.640552
1.119344 -0.273784
-0.473148 1.054109
-0.111786 -0.957261
-1.536044 1.002072
0.519928 0.202056
-0.267884 0.897763
-0.397171 -0.866104
2.654052 0.678364
0.398961 -0.189826
0.902245 -1.075266
1.298840 0.502752
-1.267898 0.944338
0.223459 -1.347938
-0.162980 -0.268131
0.695794 0.544530
1.434675 1.201597
-0.050897 0.735624
-0.205177 -1.368230
-0.670899 -1.284442
-1.805458 -0.383858
0.688331 -1.153503
-1.201046 0.505756
1.223317 1.090983
0.384779 -1.249620
0.366416 1.102199
-0.978035 -1.424173
-0.085957 0.217074
1.050754 -0.071638
0.824788 -0.784095
1.039239 -0.317873
0.790558 -2.459702
-1.241612 0.422502
1.525730 -0.601029
0.821321 -0.093956
0.435544 0.187797
0.786138 2.097897
0.390263 -0.896230
2.930568 -0.833453
1.138450 -0.648412
-0.678363 0.109353
-0.028519 0.369000
-0.044766 0.417347
2.155108 0.274630
-1.353087 0.448310
-0.333644 0.116900
0.112044 0.666355
-0.745271 -0.142981
1.648563 -0.208153
0.838591 1.113722
1.327376 -0.806043
1.897690 -2.022614
-1.551813 -0.658373
1.465708 0.946002
0.514528 1.330968
-1.032189 -0.982205
-0.538363 0.500617
-0.983948 0.644323
0.167681 -0.585009
-0.799107 -0.227017
-0.588785 0.110386
0.152609 0.624060
-0.704762 -0.376977
-0.125619 -0.727872
0.935293 0.196698
-0.514644 1.274617
1.526337 -1.419596
0.229505 -0.393467
0.538659 -0.700735
0.602133 0.144588
0.992027 0.069737
-0.780551 -0.210465
0.580361 -0.726891
0.359943 1.235189
0.752685 -0.879072
1.823809 0.202263
0.101856 -0.587160
0.633580 1.609494
-0.637343 -0.885574
-1.142837 -0.663011
1.747181 -0.407870
0.770839 0.953031
0.267412 -1.588508
-2.097539 0.214112
-0.794187 2.260096
-0.085624 0.217206
1.015645 -2.337303
0.185439 -1.075100
-0.220286 1.324855
-0.514759 -0.014563
-0.631659 -0.666421
-0.968167 1.200054
0.381498 0.379910
-0.843505 -1.734720
-0.751359 -0.594197
0.987798 0.720663
0.912390 1.425750
-0.559026 -0.601927
2.396529 0.357381
0.679301 0.697018
0.339132 0.758068
1.205785 -1.781684
-2.153660 -0.472154
