-7.803581
-92.236092
42.289490
80.455948
84.398941
86.297195
32.322159
60.502945
-87.005219
36.869400
43.760498
-80.095825
4.019287
-95.062103
-30.350655
91.344955
23.978386
97.314377
70.549637
50.309769
75.017548
21.720032
80.767242
21.280548
-98.626663
92.419205
-83.373520
78.044983
-86.565750
83.031708
-57.109287
-30.613121
35.612045
7.937859
53.636276
-98.522903
84.282974
13.406776
-76.177254
8.084358
82.085632
59.733887
87.890259
-60.063477
14.780113
75.695068
1.425217
-95.458847
36.924347
-33.573410
-57.567062
-12.442398
32.663971
-43.803215
-91.821037
87.108978
-62.199776
47.056488
-35.923340
92.217773
-70.525223
74.852753
0.723289
36.655777
89.690857
-56.285286
-44.590591
59.416489
48.832672
-79.656357
54.356522
-96.948151
15.646835
-30.747398
-68.169197
-18.778038
99.688705
10.324409
-17.416916
-53.453167
-67.381821
79.876083
3.604233
-9.836113
94.653152
76.488541
81.676682
4.153572
-47.795040
72.844620
-17.142250
38.108475
13.248085
74.816132
0.149536
-18.918427
6.418037
9.109772
-84.368423
-99.804680