42.289490
80.455948
84.398941
86.297195
32.322159
60.502945
36.869400
43.760498
4.019287
91.344955
23.978386
97.314377
70.549637
50.309769
75.017548
21.720032
80.767242
21.280548
92.419205
78.044983
83.031708
35.612045
7.937859
53.636276
84.282974
13.406776
8.084358
82.085632
59.733887
87.890259
14.780113
75.695068
1.425217
36.924347
32.663971
87.108978
47.056488
92.217773
74.852753
0.723289
36.655777
89.690857
59.416489
48.832672
54.356522
15.646835
99.688705
10.324409
79.876083
3.604233
94.653152
76.488541
81.676682
4.153572
72.844620
38.108475
13.248085
74.816132
0.149536
6.418037
9.109772
